0 13.125 621.784 301.28
1 13.128 621.088 291.538
2 13.128 529.619 598.044
3 13.129 414.872 176.612
4 13.13 677.778 103.402
5 13.13 216.047 34.3569
6 13.131 111.453 720.303
7 13.132 371.329 643.098
8 13.132 272.642 586.289
0 14.157 613.428 306.773
1 14.159 612.036 287.289
2 14.162 533.506 588.83
3 14.164 408.708 184.487
4 14.165 668.212 106.318
5 14.166 226.035 33.8629
6 14.166 121.326 718.719
7 14.167 377.48 635.214
8 14.168 280.714 580.386
0 15.193 605.072 312.266
1 15.194 602.984 283.04
2 15.194 537.393 579.616
3 15.197 402.544 192.361
4 15.198 658.647 109.234
5 15.199 236.023 33.369
6 15.2 131.2 717.134
7 15.201 383.631 627.329
8 15.201 288.786 574.483
0 16.226 596.715 317.759
1 16.227 593.931 278.791
2 16.228 541.28 570.402
3 16.229 396.381 200.236
4 16.231 649.081 112.149
5 16.232 246.01 32.8751
6 16.233 141.074 715.55
7 16.234 389.782 619.445
8 16.235 296.858 568.58
0 17.259 588.359 323.252
1 17.26 584.879 274.541
2 17.261 545.166 561.189
3 17.261 390.217 208.111
4 17.262 639.516 115.065
5 17.263 255.998 32.3811
6 17.263 150.948 713.966
7 17.265 395.932 611.56
8 17.267 304.929 562.677
0 18.291 580.003 328.745
1 18.292 575.827 270.292
2 18.293 549.053 551.975
3 18.293 384.054 215.985
4 18.294 629.95 117.981
5 18.294 265.986 31.8872
6 18.295 160.821 712.381
7 18.296 402.083 603.676
8 18.297 313.001 556.773
0 19.323 571.647 334.237
1 19.324 566.774 266.043
2 19.324 552.94 542.761
3 19.325 377.89 223.86
4 19.326 620.385 120.896
5 19.326 275.974 31.3932
6 19.327 170.695 710.797
7 19.328 408.234 595.791
8 19.328 321.073 550.87
0 20.355 563.29 339.73
1 20.356 557.722 261.794
2 20.357 556.827 533.547
3 20.358 371.726 231.735
4 20.358 610.819 123.812
5 20.359 285.962 30.8993
6 20.36 180.569 709.213
7 20.36 414.385 587.906
8 20.361 329.144 544.967
0 21.387 554.934 345.223
1 21.388 548.67 257.545
2 21.389 560.714 524.334
3 21.389 365.563 239.609
4 21.39 601.254 126.728
5 21.391 295.949 30.4054
6 21.391 190.442 707.628
7 21.392 420.536 580.022
8 21.393 337.216 539.064
0 22.422 546.578 350.716
1 22.424 539.617 253.296
2 22.425 564.6 515.12
3 22.425 359.399 247.484
4 22.426 591.689 129.644
5 22.427 305.937 29.9114
6 22.428 200.316 706.044
7 22.43 426.687 572.137
8 22.431 345.288 533.161
0 23.455 538.221 356.209
1 23.455 530.565 249.047
2 23.456 568.487 505.906
3 23.457 353.236 255.359
4 23.458 582.123 132.559
5 23.46 315.925 29.4175
6 23.461 210.19 704.46
7 23.462 432.838 564.253
8 23.463 353.36 527.258
0 24.492 529.865 361.702
1 24.493 521.513 244.797
2 24.495 572.374 496.693
3 24.497 347.072 263.233
4 24.499 572.558 135.475
5 24.501 325.913 28.9235
6 24.502 220.063 702.875
7 24.503 438.989 556.368
8 24.504 361.431 521.355
0 25.538 521.509 367.195
1 25.539 512.46 240.548
2 25.541 576.261 487.479
3 25.543 340.909 271.108
4 25.545 562.992 138.391
5 25.547 335.901 28.4296
6 25.549 229.937 701.291
7 25.551 445.139 548.483
8 25.552 369.503 515.451
0 26.593 513.152 372.688
1 26.593 503.408 236.299
2 26.594 580.148 478.265
3 26.595 334.745 278.983
4 26.597 553.427 141.307
5 26.599 345.888 27.9357
6 26.6 239.811 699.706
7 26.6 451.29 540.599
8 26.601 377.575 509.548
0 27.624 504.796 378.181
1 27.625 494.356 232.05
2 27.626 584.035 469.051
3 27.628 328.581 286.857
4 27.63 543.861 144.222
5 27.631 355.876 27.4417
6 27.631 249.684 698.122
7 27.632 457.441 532.714
8 27.632 385.647 503.645
0 28.675 496.44 383.673
1 28.676 485.303 227.801
2 28.676 587.921 459.838
3 28.677 322.418 294.732
4 28.679 534.296 147.138
5 28.68 365.864 26.9478
6 28.682 259.558 696.538
7 28.682 463.592 524.83
8 28.683 393.718 497.742
0 29.708 488.083 389.166
1 29.709 476.251 223.552
2 29.71 591.808 450.624
3 29.711 316.254 302.607
4 29.711 524.73 150.054
5 29.712 375.852 26.4538
6 29.714 269.432 694.953
7 29.715 469.743 516.945
8 29.717 401.79 491.839
0 30.742 479.727 394.659
1 30.743 467.199 219.302
2 30.744 595.695 441.41
3 30.745 310.091 310.481
4 30.747 515.165 152.969
5 30.749 385.839 25.9599
6 30.75 279.306 693.369
7 30.75 475.894 509.06
8 30.751 409.862 485.936
0 31.777 471.371 400.152
1 31.778 458.146 215.053
2 31.779 599.582 432.197
3 31.781 303.927 318.356
4 31.783 505.599 155.885
5 31.785 395.827 25.466
6 31.786 289.179 691.785
7 31.787 482.045 501.176
8 31.787 417.934 480.033
0 32.813 463.014 405.645
1 32.814 449.094 210.804
2 32.815 603.469 422.983
3 32.817 297.764 326.231
4 32.819 496.034 158.801
5 32.821 405.815 24.972
6 32.822 299.053 690.2
7 32.822 488.196 493.291
8 32.823 426.005 474.129
0 33.849 454.658 411.138
1 33.85 440.042 206.555
2 33.851 607.355 413.769
3 33.852 291.6 334.105
4 33.852 486.468 161.717
5 33.854 415.803 24.4781
6 33.855 308.927 688.616
7 33.857 494.346 485.407
8 33.858 434.077 468.226
0 34.885 446.302 416.631
1 34.886 430.989 202.306
2 34.887 611.242 404.555
3 34.888 285.436 341.98
4 34.889 476.903 164.632
5 34.891 425.791 23.9841
6 34.893 318.8 687.031
7 34.894 500.497 477.522
8 34.895 442.149 462.323
0 35.918 437.945 422.124
1 35.919 421.937 198.057
2 35.92 615.129 395.342
3 35.92 279.273 349.855
4 35.921 467.337 167.548
5 35.922 435.778 23.4902
6 35.922 328.674 685.447
7 35.923 506.648 469.637
8 35.925 450.221 456.42
0 36.953 429.589 427.617
1 36.954 412.885 193.808
2 36.955 619.016 386.128
3 36.956 273.109 357.729
4 36.957 457.772 170.464
5 36.958 445.766 22.9963
6 36.959 338.548 683.863
7 36.959 512.799 461.753
8 36.96 458.292 450.517
0 37.985 421.233 433.11
1 37.986 403.832 189.558
2 37.987 622.903 376.914
3 37.987 266.946 365.604
4 37.988 448.206 173.379
5 37.989 455.754 22.5023
6 37.989 348.421 682.278
7 37.99 518.95 453.868
8 37.99 466.364 444.614
0 39.016 412.876 438.602
1 39.017 394.78 185.309
2 39.018 626.79 367.701
3 39.019 260.782 373.479
4 39.019 438.641 176.295
5 39.02 465.742 22.0084
6 39.021 358.295 680.694
7 39.021 525.101 445.984
8 39.022 474.436 438.711
0 40.047 404.52 444.095
1 40.048 385.728 181.06
2 40.048 630.676 358.487
3 40.049 254.618 381.353
4 40.049 429.075 179.211
5 40.05 475.73 21.5144
6 40.051 368.169 679.11
7 40.051 531.252 438.099
8 40.052 482.508 432.808
0 41.077 396.164 449.588
1 41.078 376.675 176.811
2 41.078 634.563 349.273
3 41.079 248.455 389.228
4 41.079 419.51 182.127
5 41.08 485.717 21.0205
6 41.081 378.042 677.525
7 41.081 537.403 430.215
8 41.082 490.579 426.904
0 42.108 387.807 455.081
1 42.109 367.623 172.562
2 42.11 638.45 340.059
3 42.11 242.291 397.103
4 42.111 409.944 185.042
5 42.112 495.705 20.5265
6 42.112 387.916 675.941
7 42.113 543.553 422.33
8 42.113 498.651 421.001
0 43.138 379.451 460.574
1 43.139 358.571 168.313
2 43.14 642.337 330.846
3 43.14 236.128 404.977
4 43.141 400.379 187.958
5 43.142 505.693 20.0326
6 43.142 397.79 674.356
7 43.143 549.704 414.445
8 43.143 506.723 415.098
0 44.169 371.095 466.067
1 44.172 349.519 164.063
2 44.173 646.224 321.632
3 44.174 229.964 412.852
4 44.174 390.813 190.874
5 44.175 515.681 19.5387
6 44.176 407.663 672.772
7 44.176 555.855 406.561
8 44.177 514.794 409.195
0 45.202 362.738 471.56
1 45.202 340.466 159.814
2 45.203 650.11 312.418
3 45.204 223.801 420.727
4 45.204 381.248 193.789
5 45.205 525.669 19.0447
6 45.205 417.537 671.188
7 45.206 562.006 398.676
8 45.207 522.866 403.292
0 46.232 354.382 477.053
1 46.232 331.414 155.565
2 46.233 653.997 303.204
3 46.234 217.637 428.601
4 46.234 371.682 196.705
5 46.235 535.656 18.5508
6 46.236 427.411 669.603
7 46.236 568.157 390.792
0 47.92 346.026 482.546
1 47.921 322.362 151.316
2 47.922 657.884 293.991
3 47.922 211.473 436.476
4 47.923 362.117 199.621
5 47.923 545.644 18.0568
6 47.924 437.285 668.019
7 47.925 574.308 382.907
8 47.925 512.943 402.053
0 48.951 337.669 488.038
1 48.953 313.309 147.067
2 48.954 661.771 284.777
3 48.955 205.31 444.351
4 48.956 352.551 202.537
5 48.957 555.632 17.5629
6 48.958 447.158 666.435
7 48.959 580.459 375.022
8 48.959 503.02 400.814
0 49.984 329.313 493.531
1 49.985 304.257 142.818
2 49.985 665.658 275.563
3 49.986 199.146 452.225
4 49.987 342.986 205.452
5 49.987 565.62 17.069
6 49.988 457.032 664.85
7 49.988 586.61 367.138
8 49.989 493.097 399.575
0 51.014 320.957 499.024
1 51.015 295.205 138.569
2 51.016 669.545 266.35
3 51.016 192.983 460.1
4 51.017 333.42 208.368
5 51.018 575.608 16.575
6 51.018 466.906 663.266
7 51.019 592.76 359.253
8 51.02 483.174 398.335
0 52.044 312.601 504.517
1 52.045 286.152 134.319
2 52.046 673.431 257.136
3 52.047 186.819 467.975
4 52.047 323.855 211.284
5 52.048 585.595 16.0811
6 52.049 476.779 661.682
7 52.049 598.911 351.369
8 52.05 473.252 397.096
0 53.074 304.244 510.01
1 53.075 277.1 130.07
2 53.076 677.318 247.922
3 53.076 180.655 475.849
4 53.077 314.289 214.199
5 53.078 595.583 15.5871
6 53.078 486.653 660.097
7 53.079 605.062 343.484
8 53.08 463.329 395.857
0 54.104 295.888 515.503
1 54.105 268.048 125.821
2 54.106 681.205 238.708
3 54.106 174.492 483.724
4 54.107 304.724 217.115
5 54.107 605.571 15.0932
6 54.108 496.527 658.513
8 54.768 453.406 394.618
0 55.79 287.532 520.996
1 55.791 258.995 121.572
2 55.792 685.092 229.495
3 55.792 168.328 491.599
4 55.793 295.158 220.031
5 55.794 615.559 14.5993
6 55.794 506.4 656.928
7 55.795 596.184 338.883
8 55.795 443.483 393.379
0 56.82 279.175 526.489
1 56.821 249.943 117.323
2 56.821 688.979 220.281
3 56.822 162.165 499.473
4 56.823 285.593 222.947
5 56.823 625.547 14.1053
6 56.824 516.274 655.344
7 56.825 587.305 334.282
8 56.825 433.56 392.14
0 57.85 270.819 531.982
1 57.851 240.891 113.074
2 57.851 692.865 211.067
3 57.852 156.001 507.348
4 57.852 276.027 225.862
5 57.853 635.534 13.6114
6 57.853 526.148 653.76
7 57.854 578.426 329.681
8 57.855 423.637 390.901
0 58.879 262.463 537.474
1 58.88 231.838 108.825
2 58.881 696.752 201.854
3 58.881 149.838 515.223
4 58.882 266.462 228.778
5 58.883 645.522 13.1174
6 58.884 536.021 652.175
7 58.885 569.548 325.08
8 58.886 413.714 389.662
0 59.91 254.106 542.967
1 59.911 222.786 104.575
2 59.912 700.639 192.64
3 59.913 143.674 523.097
4 59.914 256.896 231.694
5 59.915 655.51 12.6235
6 59.916 545.895 650.591
7 59.917 560.669 320.479
8 59.918 403.791 388.423
0 60.953 245.75 548.46
1 60.954 213.734 100.326
2 60.955 704.526 183.426
3 60.956 137.51 530.972
4 60.956 247.331 234.609
5 60.957 665.498 12.1296
6 60.957 555.769 649.007
7 60.958 551.79 315.877
8 60.959 393.868 387.183
0 61.983 237.394 553.953
1 61.984 204.681 96.0771
2 61.985 708.413 174.212
3 61.985 131.347 538.847
4 61.986 237.765 237.525
5 61.986 675.486 11.6356
6 61.987 565.643 647.422
7 61.988 542.912 311.276
8 61.988 383.945 385.944
0 63.014 229.037 559.446
1 63.015 195.629 91.8279
2 63.015 712.3 164.999
3 63.016 125.183 546.721
4 63.017 228.2 240.441
5 63.017 685.473 11.1417
6 63.018 575.516 645.838
7 63.018 534.033 306.675
8 63.019 374.022 384.705
0 64.047 220.681 564.939
1 64.049 186.577 87.5788
2 64.05 716.186 155.785
3 64.051 119.02 554.596
4 64.052 218.634 243.357
5 64.053 695.461 10.6477
6 64.054 585.39 644.253
7 64.056 525.155 302.074
8 64.057 364.099 383.466
0 65.096 212.325 570.432
1 65.097 177.524 83.3296
2 65.099 720.073 146.571
3 65.1 112.856 562.47
4 65.102 209.069 246.272
5 65.103 705.449 10.1538
6 65.104 595.264 642.669
7 65.105 516.276 297.473
8 65.107 354.176 382.227
0 66.143 203.968 575.925
1 66.144 168.472 79.0805
2 66.145 723.96 137.358
3 66.145 106.692 570.345
4 66.146 199.503 249.188
5 66.146 715.437 9.65985
6 66.147 605.137 641.085
7 66.148 507.397 292.872
8 66.148 344.253 380.988
0 67.173 195.612 581.418
1 67.174 159.42 74.8313
2 67.174 727.847 128.144
3 67.175 100.529 578.22
4 67.175 189.938 252.104
5 67.176 725.424 9.16591
6 67.177 615.011 639.5
7 67.177 498.519 288.271
8 67.178 334.33 379.749
0 68.202 187.256 586.911
1 68.203 150.367 70.5822
2 68.204 731.734 118.93
3 68.204 94.3653 586.094
4 68.205 180.372 255.02
5 68.206 735.412 8.67197
6 68.206 624.885 637.916
7 68.207 489.64 283.67
8 68.207 324.408 378.51
0 69.232 178.899 592.403
1 69.234 141.315 66.333
2 69.236 735.62 109.716
3 69.237 88.2018 593.969
4 69.238 170.807 257.935
5 69.239 745.4 8.17803
6 69.239 634.758 636.332
7 69.24 480.762 279.069
8 69.24 314.485 377.271
0 70.268 170.543 597.896
1 70.269 132.263 62.0839
2 70.27 739.507 100.503
3 70.271 82.0382 601.844
4 70.272 161.241 260.851
6 71.233 644.632 634.747
7 71.233 471.883 274.468
8 71.234 304.562 376.032
0 72.259 162.187 603.389
1 72.26 123.21 57.8347
2 72.261 743.394 91.2889
3 72.261 75.8746 609.718
4 72.262 151.676 263.767
5 72.262 745.435 18.178
6 72.263 654.506 633.163
7 72.263 463.004 269.866
8 72.264 294.639 374.792
0 73.292 153.83 608.882
1 73.293 114.158 53.5855
2 73.294 747.281 82.0752
3 73.294 69.711 617.593
4 73.295 142.111 266.682
5 73.296 745.471 28.1779
6 73.296 664.379 631.579
7 73.297 454.126 265.265
8 73.297 284.716 373.553
0 74.323 145.474 614.375
1 74.324 105.106 49.3364
3 75.204 63.5474 625.468
4 75.204 132.545 269.598
5 75.205 745.506 38.1778
6 75.205 674.253 629.994
7 75.206 445.247 260.664
8 75.207 274.793 372.314
0 76.231 137.118 619.868
1 76.232 96.0532 45.0872
2 76.232 737.289 81.6808
3 76.233 57.3839 633.342
4 76.233 122.98 272.514
5 76.234 745.541 48.1778
6 76.235 684.127 628.41
7 76.235 436.368 256.063
8 76.236 264.87 371.075
0 77.262 128.761 625.361
1 77.263 87.0009 40.8381
2 77.263 727.296 81.2864
4 77.903 113.414 275.43
5 77.904 745.576 58.1777
6 77.904 694.001 626.825
7 77.905 427.49 251.462
8 77.906 254.947 369.836
0 78.93 120.405 630.854
1 78.93 77.9486 36.5889
2 78.931 717.304 80.892
3 78.932 56.3914 623.392
4 78.932 103.849 278.345
5 78.933 745.612 68.1777
6 78.934 703.874 625.241
7 78.934 418.611 246.861
8 78.935 245.024 368.597
0 79.959 112.049 636.347
1 79.96 68.8962 32.3398
2 79.96 707.312 80.4976
3 79.961 55.3989 613.441
4 79.962 94.2831 281.261
5 79.962 745.647 78.1776
6 79.963 713.748 623.657
7 79.963 409.733 242.26
8 79.964 235.101 367.358
0 80.988 103.692 641.839
1 80.989 59.8439 28.0906
2 80.99 697.32 80.1032
3 80.99 54.4065 603.491
4 80.991 84.7176 284.177
5 80.992 745.682 88.1775
6 80.992 723.622 622.072
7 80.993 400.854 237.659
8 80.993 225.178 366.119
0 82.018 95.3361 647.332
1 82.019 50.7916 23.8415
2 82.019 687.328 79.7088
3 82.02 53.414 593.54
4 82.021 75.1521 287.092
5 82.021 745.718 98.1775
6 82.022 733.495 620.488
7 82.022 391.975 233.058
8 82.023 215.255 364.88
0 83.047 86.9798 652.825
1 83.048 41.7392 19.5923
2 83.048 677.335 79.3144
3 83.049 52.4215 583.589
4 83.05 65.5866 290.008
5 83.05 745.753 108.177
6 83.051 743.369 618.904
7 83.051 383.097 228.457
8 83.052 205.332 363.64
0 84.076 78.6235 658.318
1 84.077 32.6869 15.3432
2 84.077 667.343 78.92
3 84.078 51.4291 573.639
4 84.079 56.0211 292.924
5 84.079 745.788 118.177
6 84.08 753.243 617.319
7 84.08 374.218 223.855
8 84.081 195.409 362.401
0 85.108 70.2672 663.811
1 85.109 23.6346 11.094
2 85.11 657.351 78.5256
3 85.111 50.4366 563.688
4 85.112 46.4556 295.84
5 85.113 745.823 128.177
7 85.737 365.339 219.254
8 85.738 185.486 361.162
0 86.76 61.9108 669.304
1 86.76 14.5822 6.84488
2 86.762 647.359 78.1312
3 86.764 49.4442 553.737
4 86.765 36.8901 298.755
5 86.766 745.859 138.177
6 86.767 745.251 611.308
7 86.767 356.461 214.653
8 86.768 175.564 359.923
0 87.791 53.5545 674.797
1 87.792 5.5299 2.59573
2 87.793 637.366 77.7368
3 87.794 48.4517 543.787
4 87.794 27.3246 301.671
5 87.795 745.894 148.177
6 87.795 737.26 605.296
7 87.796 347.582 210.052
8 87.797 165.641 358.684
0 88.82 45.1982 680.29
1 88.821 -3.52243 -1.65343
2 88.822 627.374 77.3424
3 88.822 47.4592 533.836
4 88.823 17.7591 304.587
5 88.824 745.929 158.177
6 88.824 729.269 599.284
7 88.825 338.704 205.451
8 88.826 155.718 357.445
0 89.849 36.8419 685.783
2 90.538 617.382 76.948
3 90.539 46.4668 523.886
4 90.54 8.19365 307.502
5 90.54 745.965 168.177
6 90.541 721.277 593.273
7 90.541 329.825 200.85
8 90.542 145.795 356.206
0 91.566 28.4856 691.275
1 91.567 6.47595 -1.47371
2 91.567 607.39 76.5536
3 91.568 45.4743 513.935
4 91.568 -1.37184 310.418
5 91.569 746 178.177
6 91.57 713.286 587.261
7 91.57 320.946 196.249
8 91.571 135.872 354.967
0 92.594 20.1292 696.768
1 92.595 16.4743 -1.29399
2 92.596 597.398 76.1592
3 92.597 44.4818 503.984
5 93.155 746.035 188.177
6 93.156 705.295 581.25
7 93.156 312.068 191.648
8 93.157 125.949 353.728
0 94.18 11.7729 702.261
1 94.181 26.4727 -1.11427
2 94.182 587.405 75.7648
3 94.183 43.4894 494.034
4 94.183 -1.16968 320.416
5 94.184 746.07 198.177
6 94.184 697.304 575.238
7 94.185 303.189 187.047
8 94.186 116.026 352.488
0 95.209 3.41659 707.754
1 95.21 36.4711 -0.934556
2 95.211 577.413 75.3704
3 95.211 42.4969 484.083
4 95.212 -0.967521 330.414
5 95.213 746.106 208.177
6 95.213 689.312 569.227
7 95.214 294.311 182.445
8 95.215 106.103 351.249
1 96.811 46.4695 -0.754839
2 96.812 567.421 74.976
3 96.812 41.5045 474.132
4 96.813 -0.765363 340.412
5 96.814 746.141 218.177
6 96.814 681.321 563.215
7 96.815 285.432 177.844
8 96.815 96.1801 350.01
0 97.839 13.2972 706.213
1 97.84 56.4679 -0.575121
2 97.84 557.429 74.5816
3 97.841 40.512 464.182
4 97.842 -0.563204 350.41
5 97.842 746.176 228.177
6 97.843 673.33 557.203
7 97.844 276.553 173.243
8 97.844 86.2571 348.771
0 98.88 23.1778 704.673
1 98.881 66.4663 -0.395404
2 98.881 547.436 74.1872
3 98.882 39.5195 454.231
4 98.883 -0.361046 360.408
5 98.883 746.212 238.177
6 98.884 665.338 551.192
7 98.884 267.675 168.642
8 98.885 76.3342 347.532
0 99.908 33.0583 703.132
1 99.909 76.4646 -0.215687
2 99.91 537.444 73.7928
3 99.911 38.5271 444.28
4 99.911 -0.158887 370.406
5 99.912 746.247 248.177
6 99.912 657.347 545.18
7 99.917 258.796 164.041
8 99.917 66.4113 346.293
0 100.941 42.9389 701.591
1 100.942 86.463 -0.0359694
2 100.942 527.452 73.3984
3 100.943 37.5346 434.33
4 100.943 0.0432714 380.404
5 100.944 746.282 258.176
6 100.945 649.356 539.169
7 100.945 249.917 159.44
8 100.946 56.4883 345.054
0 101.969 52.8195 700.05
1 101.97 96.4614 0.143748
2 101.971 517.46 73.004
3 101.971 36.5422 424.379
4 101.972 0.24543 390.402
5 101.973 746.317 268.176
6 101.973 641.365 533.157
7 101.974 241.039 154.839
8 101.974 46.5654 343.815
0 102.998 62.7001 698.509
1 102.999 106.46 0.323465
2 102.999 507.468 72.6096
3 103 35.5497 414.429
4 103 0.447588 400.4
5 103.001 746.353 278.176
6 103.002 633.373 527.145
7 103.002 232.16 150.238
8 103.003 36.6425 342.576
0 104.026 72.5807 696.969
1 104.027 116.458 0.503182
2 104.028 497.475 72.2152
3 104.029 34.5572 404.478
4 104.029 0.649747 410.398
5 104.03 746.388 288.176
6 104.03 625.382 521.134
7 104.031 223.282 145.637
8 104.032 26.7195 341.337
0 105.055 82.4613 695.428
1 105.056 126.457 0.6829
2 105.056 487.483 71.8208
3 105.057 33.5648 394.527
4 105.058 0.851905 420.396
5 105.058 746.423 298.176
6 105.059 617.391 515.122
7 105.06 214.403 141.036
8 105.06 16.7966 340.097
0 106.084 92.3419 693.887
1 106.085 136.455 0.862617
2 106.086 477.491 71.4264
3 106.087 32.5723 384.577
4 106.088 1.05406 430.394
5 106.089 746.459 308.176
6 106.09 609.399 509.111
7 106.09 205.524 136.434
8 106.091 6.87366 338.858
0 107.114 102.222 692.346
1 107.115 146.453 1.04233
2 107.116 467.499 71.032
3 107.116 31.5798 374.626
4 107.117 1.25622 440.392
5 107.117 746.494 318.176
6 107.118 601.408 503.099
7 107.119 196.646 131.833
8 107.119 -3.04928 337.619
0 108.143 112.103 690.806
1 108.144 156.452 1.22205
2 108.144 457.507 70.6376
3 108.145 30.5874 364.675
4 108.146 1.45838 450.39
5 108.146 746.529 328.176
6 108.147 593.417 497.087
7 108.147 187.767 127.232
0 109.666 121.984 689.265
1 109.667 166.45 1.40177
2 109.667 447.514 70.2432
3 109.668 29.5949 354.725
4 109.668 1.66054 460.388
5 109.673 746.564 338.176
6 109.674 585.425 491.076
7 109.675 178.888 122.631
8 109.675 6.52372 334.728
0 110.699 131.864 687.724
1 110.699 176.448 1.58149
2 110.7 437.522 69.8488
3 110.701 28.6025 344.774
4 110.701 1.8627 470.385
5 110.702 746.6 348.176
6 110.702 577.434 485.064
7 110.703 170.01 118.03
8 110.704 16.0967 331.837
0 111.727 141.745 686.183
1 111.728 186.447 1.7612
2 111.728 427.53 69.4544
3 111.729 27.61 334.824
4 111.729 2.06486 480.383
5 111.73 746.635 358.176
6 111.73 569.443 479.053
7 111.731 161.131 113.429
8 111.732 25.6697 328.946
0 112.756 151.625 684.642
1 112.756 196.445 1.94092
2 112.757 417.538 69.06
3 112.758 26.6175 324.873
4 112.758 2.26701 490.381
5 112.759 746.67 368.176
6 112.76 561.452 473.041
7 112.76 152.253 108.828
8 112.761 35.2427 326.055
0 113.784 161.506 683.102
1 113.785 206.444 2.12064
2 113.786 407.545 68.6656
3 113.786 25.6251 314.922
4 113.787 2.46917 500.379
5 113.787 746.706 378.176
6 113.788 553.46 467.03
7 113.789 143.374 104.227
8 113.789 44.8157 323.164
0 114.812 171.387 681.561
1 114.813 216.442 2.30036
2 114.814 397.553 68.2712
3 114.815 24.6326 304.972
4 114.815 2.67133 510.377
5 114.816 746.741 388.176
6 114.817 545.469 461.018
7 114.817 134.495 99.6257
8 114.818 54.3887 320.273
0 115.846 181.267 680.02
1 115.846 226.44 2.48007
2 115.847 387.561 67.8768
3 115.847 23.6401 295.021
4 115.848 2.87349 520.375
5 115.849 746.776 398.176
6 115.849 537.478 455.006
7 115.85 125.617 95.0246
8 115.85 63.9617 317.382
0 116.874 191.148 678.479
1 116.876 236.439 2.65979
2 116.882 377.569 67.4824
3 116.883 22.6477 285.07
4 116.885 3.07565 530.373
5 116.886 746.811 408.176
6 116.886 529.486 448.995
7 116.887 116.738 90.4235
8 116.887 73.5347 314.491
0 117.914 201.028 676.939
1 117.915 246.437 2.83951
2 117.917 367.577 67.088
3 117.918 21.6552 275.12
4 117.92 3.27781 540.371
5 117.921 746.847 418.175
6 117.923 521.495 442.983
7 117.924 107.86 85.8224
8 117.925 83.1076 311.6
0 118.966 210.909 675.398
1 118.967 256.436 3.01922
2 118.967 357.584 66.6936
3 118.968 20.6628 265.169
4 118.969 3.47997 550.369
5 118.969 746.882 428.175
6 118.97 513.504 436.972
7 118.97 98.9809 81.2213
8 118.971 92.6806 308.709
0 119.997 220.789 673.857
1 119.998 266.434 3.19894
2 120 347.592 66.2992
3 120.001 19.6703 255.219
4 120.002 3.68212 560.367
5 120.003 746.917 438.175
6 120.005 505.512 430.96
7 120.006 90.1023 76.6202
8 120.007 102.254 305.818
0 121.049 230.67 672.316
1 121.05 276.432 3.37866
2 121.051 337.6 65.9048
3 121.052 18.6778 245.268
4 121.053 3.88428 570.365
5 121.054 746.953 448.175
6 121.055 497.521 424.948
7 121.056 81.2237 72.0191
8 121.057 111.827 302.927
0 122.093 240.551 670.775
1 122.094 286.431 3.55838
2 122.096 327.608 65.5104
3 122.097 17.6854 235.317
4 122.098 4.08644 580.363
5 122.099 746.988 458.175
6 122.1 489.53 418.937
7 122.101 72.3451 67.418
8 122.102 121.4 300.036
0 123.125 250.431 669.235
1 123.126 296.429 3.73809
2 123.127 317.615 65.116
3 123.127 16.6929 225.367
4 123.128 4.2886 590.361
5 123.128 747.023 468.175
6 123.129 481.539 412.925
7 123.13 63.4664 62.8169
8 123.13 130.973 297.145
0 124.154 260.312 667.694
1 124.155 306.428 3.91781
2 124.155 307.623 64.7216
3 124.156 15.7005 215.416
4 124.156 4.49076 600.359
5 124.157 747.058 478.175
6 124.158 473.547 406.914
7 124.158 54.5878 58.2158
8 124.159 140.546 294.254
0 125.182 270.192 666.153
2 125.668 297.631 64.3272
3 125.668 14.708 205.465
4 125.669 4.69292 610.357
5 125.669 747.094 488.175
6 125.67 465.556 400.902
7 125.671 45.7092 53.6147
8 125.671 150.119 291.363
0 126.694 280.073 664.612
1 126.695 316.418 3.48084
2 126.696 287.639 63.9328
3 126.697 13.7155 195.515
4 126.697 4.89508 620.355
5 126.698 747.129 498.175
6 126.698 457.565 394.89
7 126.699 36.8306 49.0136
8 126.7 159.692 288.472
0 127.726 289.954 663.071
1 127.727 326.408 3.04387
2 127.728 277.647 63.5384
3 127.73 12.7231 185.564
4 127.731 5.09723 630.353
5 127.732 747.164 508.175
6 127.733 449.573 388.879
7 127.735 27.952 44.4125
8 127.736 169.265 285.581
0 128.759 299.834 661.531
1 128.76 336.399 2.60689
2 128.761 267.654 63.144
3 128.761 11.7306 175.613
4 128.762 5.29939 640.351
5 128.763 747.2 518.175
6 128.763 441.582 382.867
7 128.764 19.0733 39.8113
8 128.764 178.838 282.69
0 129.788 309.715 659.99
1 129.788 346.389 2.16992
2 129.789 257.662 62.7496
3 129.79 10.7381 165.663
4 129.79 5.50155 650.349
5 129.791 747.235 528.175
6 129.792 433.591 376.856
7 129.792 10.1947 35.2102
8 129.793 188.411 279.799
0 130.816 319.595 658.449
1 130.817 356.38 1.73295
2 130.818 247.67 62.3552
3 130.818 9.74568 155.712
4 130.819 5.70371 660.347
5 130.82 747.27 538.175
6 130.82 425.6 370.844
7 130.821 1.31611 30.6091
8 130.822 197.984 276.908
0 131.848 329.476 656.908
1 131.85 366.37 1.29598
2 131.852 237.678 61.9608
3 131.853 8.75322 145.762
4 131.855 5.90587 670.345
5 131.856 747.305 548.175
6 131.858 417.608 364.833
8 132.437 207.557 274.017
0 133.459 339.357 655.368
1 133.459 376.361 0.859006
2 133.46 227.685 61.5664
3 133.461 7.76076 135.811
5 133.924 747.341 558.175
6 133.925 409.617 358.821
7 133.925 4.93367 39.9319
8 133.926 217.13 271.126
0 134.949 349.237 653.827
1 134.95 386.351 0.422034
2 134.95 217.693 61.172
3 134.951 6.7683 125.86
4 134.952 14.3017 664.912
5 134.952 747.376 568.175
6 134.953 401.626 352.809
7 134.954 8.55123 49.2546
8 134.954 226.703 268.235
0 135.977 359.118 652.286
1 135.977 396.342 -0.0149384
2 135.978 207.701 60.7776
3 135.979 5.77583 115.91
4 135.979 22.6975 659.48
5 135.98 747.411 578.174
6 135.98 393.634 346.798
7 135.981 12.1688 58.5773
8 135.982 236.275 265.344
0 137.005 368.998 650.745
2 137.459 197.709 60.3832
3 137.46 4.78337 105.959
4 137.46 31.0933 654.048
5 137.461 747.447 588.174
6 137.462 385.643 340.786
7 137.462 15.7864 67.9001
8 137.463 245.848 262.453
0 138.486 378.879 649.204
1 138.487 402.987 7.45711
2 138.488 187.717 59.9888
3 138.488 3.79091 96.0084
4 138.489 39.4891 648.615
5 138.489 747.482 598.174
6 138.49 377.652 334.775
7 138.491 19.4039 77.2228
8 138.491 255.421 259.562
0 139.514 388.759 647.664
1 139.514 409.633 14.9292
3 139.93 2.79845 86.0578
4 139.931 47.8849 643.183
5 139.931 747.517 608.174
6 139.932 369.66 328.763
7 139.933 23.0215 86.5455
8 139.933 264.994 256.671
0 140.96 398.64 646.123
1 140.961 416.279 22.4012
2 140.962 196.789 64.1944
3 140.963 1.80599 76.1072
4 140.964 56.2807 637.75
5 140.966 747.552 618.174
6 140.967 361.669 322.751
7 140.968 26.639 95.8682
8 140.969 274.567 253.78
0 141.993 408.521 644.582
1 141.993 422.925 29.8733
2 141.994 205.862 68.3999
3 141.995 0.813524 66.1566
4 141.995 64.6765 632.318
5 141.996 747.588 628.174
6 141.996 353.678 316.74
7 141.997 30.2566 105.191
8 141.998 284.14 250.889
0 143.02 418.401 643.041
1 143.021 429.571 37.3453
2 143.022 214.935 72.6054
3 143.022 -0.178938 56.2059
4 143.023 73.0723 626.886
5 143.024 747.623 638.174
6 143.024 345.687 310.728
7 143.025 33.8742 114.514
8 143.026 293.713 247.998
0 144.048 428.282 641.501
1 144.049 436.217 44.8174
2 144.049 224.007 76.811
4 144.509 81.4681 621.453
5 144.51 747.658 648.174
6 144.51 337.695 304.717
7 144.511 37.4917 123.836
8 144.512 303.286 245.107
0 145.535 438.162 639.96
1 145.535 442.863 52.2894
2 145.536 233.08 81.0165
3 145.537 6.43739 63.7042
4 145.537 89.8639 616.021
5 145.538 747.694 658.174
6 145.538 329.704 298.705
7 145.539 41.1093 133.159
8 145.54 312.859 242.216
0 146.562 448.043 638.419
1 146.563 449.509 59.7615
2 146.563 242.153 85.2221
3 146.564 13.0537 71.2025
4 146.565 98.2597 610.589
5 146.565 747.729 668.174
6 146.566 321.713 292.693
7 146.566 44.7269 142.482
8 146.567 322.432 239.325
0 147.59 457.924 636.878
1 147.591 456.155 67.2335
2 147.592 251.225 89.4276
3 147.592 19.6701 78.7008
4 147.593 106.656 605.156
5 147.594 747.764 678.174
6 147.594 313.721 286.682
7 147.595 48.3444 151.805
8 147.595 332.005 236.434
0 148.618 467.804 635.337
1 148.619 462.801 74.7056
2 148.62 260.298 93.6332
3 148.621 26.2864 86.199
4 148.621 115.051 599.724
5 148.622 747.799 688.174
6 148.622 305.73 280.67
7 148.623 51.962 161.127
8 148.624 341.578 233.543
0 149.646 477.685 633.797
1 149.647 469.447 82.1776
2 149.648 269.371 97.8387
3 149.649 32.9027 93.6973
4 149.649 123.447 594.292
5 149.65 747.835 698.174
6 149.65 297.739 274.659
7 149.651 55.5795 170.45
8 149.652 351.151 230.652
0 150.675 487.565 632.256
1 150.676 476.093 89.6497
2 150.676 278.443 102.044
3 150.677 39.519 101.196
4 150.678 131.843 588.859
5 150.678 747.87 708.174
6 150.679 289.747 268.647
7 150.679 59.1971 179.773
8 150.68 360.724 227.761
0 151.706 497.446 630.715
1 151.707 482.739 97.1217
2 151.708 287.516 106.25
3 151.709 46.1354 108.694
4 151.71 140.239 583.427
5 151.711 747.905 718.174
6 151.712 281.756 262.636
7 151.712 62.8147 189.096
8 151.713 370.297 224.87
0 152.742 507.327 629.174
1 152.744 489.385 104.594
2 152.746 296.589 110.455
3 152.747 52.7517 116.192
4 152.748 148.635 577.995
5 152.75 747.941 728.174
6 152.751 273.765 256.624
7 152.752 66.4322 198.418
8 152.754 379.87 221.979
0 153.788 517.207 627.634
1 153.789 496.031 112.066
2 153.79 305.661 114.661
3 153.791 59.368 123.69
4 153.791 157.03 572.562
5 153.792 747.976 738.173
6 153.792 265.774 250.612
7 153.793 70.0498 207.741
8 153.794 389.443 219.088
0 154.82 527.088 626.093
1 154.822 502.676 119.538
2 154.823 314.734 118.866
3 154.825 65.9844 131.189
4 154.826 165.426 567.13
5 154.828 748.011 748.173
6 154.829 257.782 244.601
7 154.831 73.6674 217.064
8 154.832 399.016 216.197
0 155.865 536.968 624.552
1 155.867 509.322 127.01
2 155.869 323.807 123.072
3 155.87 72.6007 138.687
4 155.872 173.822 561.697
6 156.244 249.791 238.589
7 156.245 77.2849 226.386
8 156.245 408.589 213.307
0 157.27 546.849 623.011
1 157.271 515.968 134.482
2 157.272 332.879 127.278
3 157.273 79.217 146.185
4 157.274 182.218 556.265
5 157.275 738.011 748.185
6 157.276 241.8 232.578
7 157.277 80.9025 235.709
8 157.277 418.162 210.416
0 158.303 556.729 621.47
1 158.304 522.614 141.954
2 158.305 341.952 131.483
3 158.305 85.8334 153.684
4 158.306 190.614 550.833
5 158.307 728.011 748.196
6 158.307 233.808 226.566
7 158.308 84.52 245.032
8 158.308 427.735 207.525
0 159.334 566.61 619.93
1 159.335 529.26 149.426
2 159.335 351.025 135.689
3 159.336 92.4497 161.182
4 159.336 199.009 545.4
5 159.337 718.011 748.207
6 159.338 225.817 220.554
7 159.338 88.1376 254.355
8 159.339 437.308 204.634
0 160.365 576.491 618.389
1 160.366 535.906 156.898
2 160.367 360.097 139.894
3 160.367 99.066 168.68
4 160.368 207.405 539.968
5 160.369 708.011 748.218
6 160.369 217.826 214.543
8 160.659 446.881 201.743
0 161.68 586.371 616.848
1 161.68 542.552 164.37
2 161.681 369.17 144.1
3 161.682 105.682 176.178
4 161.682 215.801 534.536
5 161.683 698.011 748.229
6 161.684 209.835 208.531
7 161.684 87.777 264.348
8 161.685 456.454 198.852
0 162.708 596.252 615.307
1 162.708 549.198 171.842
2 162.709 378.243 148.305
3 162.71 112.299 183.677
4 162.71 224.197 529.103
5 162.711 688.011 748.24
6 162.711 201.843 202.52
7 162.712 87.4164 274.342
8 162.713 466.027 195.961
0 163.736 606.132 613.766
1 163.736 555.844 179.314
2 163.737 387.315 152.511
3 163.738 118.915 191.175
4 163.738 232.593 523.671
5 163.739 678.011 748.251
6 163.739 193.852 196.508
7 163.74 87.0557 284.335
8 163.741 475.6 193.07
0 164.767 616.013 612.226
1 164.768 562.49 186.786
2 164.77 396.388 156.716
3 164.771 125.531 198.673
4 164.772 240.988 518.239
5 164.773 668.011 748.262
6 164.775 185.861 190.497
7 164.776 86.6951 294.329
8 164.777 485.173 190.179
0 165.8 625.894 610.685
1 165.801 569.136 194.258
3 166.025 132.148 206.171
4 166.026 249.384 512.806
5 166.027 658.011 748.273
6 166.027 177.869 184.485
7 166.028 86.3345 304.322
8 166.028 494.746 187.288
0 167.051 635.774 609.144
1 167.052 575.782 201.73
2 167.053 406.02 154.028
3 167.053 138.764 213.67
4 167.054 257.78 507.374
5 167.055 648.011 748.284
6 167.055 169.878 178.473
7 167.056 85.9739 314.316
8 167.056 504.319 184.397
0 168.079 645.655 607.603
1 168.08 582.428 209.203
2 168.081 415.652 151.339
3 168.081 145.38 221.168
4 168.082 266.176 501.942
5 168.082 638.011 748.295
6 168.083 161.887 172.462
7 168.084 85.6133 324.309
8 168.084 513.892 181.506
0 169.109 655.535 606.063
1 169.11 589.074 216.675
2 169.111 425.284 148.651
3 169.112 151.997 228.666
4 169.113 274.572 496.509
5 169.114 628.011 748.307
6 169.115 153.895 166.45
7 169.116 85.2526 334.303
8 169.117 523.465 178.615
0 170.142 665.416 604.522
1 170.143 595.72 224.147
2 170.144 434.915 145.962
3 170.144 158.613 236.165
4 170.145 282.967 491.077
5 170.146 618.011 748.318
6 170.146 145.904 160.439
7 170.147 84.892 344.296
8 170.147 533.038 175.724
0 171.26 685.177 601.44
1 171.261 602.365 231.619
2 171.262 444.547 143.274
3 171.262 165.229 243.663
4 171.263 291.363 485.644
5 171.264 608.011 748.329
6 171.264 137.913 154.427
7 171.265 84.5314 354.29
8 171.266 542.611 172.833
1 172.283 609.011 239.091
2 172.284 454.179 140.586
3 172.285 171.846 251.161
4 172.285 299.759 480.212
5 172.286 598.011 748.34
6 172.287 129.922 148.415
7 172.287 84.1708 364.283
8 172.288 552.184 169.942
0 173.301 677.564 594.957
1 173.302 615.657 246.563
2 173.303 463.811 137.897
3 173.303 178.462 258.659
4 173.304 308.155 474.78
5 173.305 588.011 748.351
6 173.305 121.93 142.404
7 173.306 83.8102 374.277
8 173.307 561.757 167.051
0 174.32 669.95 588.473
1 174.321 622.303 254.035
2 174.321 473.443 135.209
3 174.322 185.078 266.158
4 174.322 316.551 469.347
5 174.323 578.011 748.362
6 174.324 113.939 136.392
7 174.324 83.4495 384.27
8 174.325 571.33 164.16
0 175.338 662.337 581.99
1 175.339 628.949 261.507
2 175.34 483.075 132.52
3 175.34 191.695 273.656
4 175.341 324.946 463.915
5 175.341 568.011 748.373
6 175.342 105.948 130.381
7 175.343 83.0889 394.264
8 175.343 580.903 161.269
1 176.356 635.595 268.979
2 176.357 492.706 129.832
3 176.358 198.311 281.154
4 176.358 333.342 458.483
5 176.359 558.011 748.384
6 176.36 97.9564 124.369
7 176.36 82.7283 404.257
8 176.361 590.476 158.378
0 177.374 652.344 582.373
1 177.375 642.241 276.451
2 177.375 502.338 127.143
3 177.376 204.927 288.653
4 177.377 341.738 453.05
5 177.377 548.011 748.395
6 177.378 89.9651 118.357
7 177.378 82.3677 414.251
8 177.379 600.049 155.487
0 178.392 642.351 582.756
1 178.393 648.887 283.923
2 178.393 511.97 124.455
3 178.394 211.544 296.151
4 178.395 350.134 447.618
5 178.395 538.011 748.406
6 178.396 81.9738 112.346
7 178.397 82.0071 424.244
8 178.397 609.622 152.596
0 179.411 632.359 583.14
1 179.411 655.533 291.395
2 179.412 521.602 121.766
3 179.413 218.16 303.649
4 179.413 358.53 442.186
5 179.414 528.011 748.418
6 179.415 73.9825 106.334
7 179.415 81.6464 434.238
8 179.416 619.195 149.705
1 180.429 662.179 298.867
2 180.43 531.234 119.078
3 180.431 224.776 311.147
4 180.431 366.925 436.753
5 180.432 518.011 748.429
6 180.433 65.9912 100.323
7 180.433 81.2858 444.231
8 180.434 628.768 146.814
0 181.447 623.186 579.158
1 181.448 668.825 306.339
2 181.448 540.866 116.389
3 181.449 231.393 318.646
4 181.45 375.321 431.321
5 181.45 508.011 748.44
6 181.451 57.9999 94.3111
7 181.451 80.9252 454.225
8 181.452 638.341 143.923
0 182.466 614.013 575.176
1 182.467 675.471 313.811
2 182.469 550.497 113.701
3 182.47 238.009 326.144
4 182.471 383.717 425.889
5 182.472 498.011 748.451
6 182.472 50.0086 88.2995
7 182.473 80.5646 464.218
8 182.474 647.914 141.032
0 183.487 604.84 571.194
1 183.488 682.117 321.283
2 183.488 560.129 111.012
3 183.489 244.625 333.642
4 183.49 392.113 420.456
5 183.49 488.011 748.462
6 183.491 42.0173 82.2879
7 183.493 80.204 474.212
8 183.494 657.487 138.141
1 184.506 688.763 328.755
2 184.508 569.761 108.324
3 184.509 251.242 341.141
4 184.51 400.509 415.024
5 184.512 478.011 748.473
6 184.514 34.026 76.2764
7 184.515 79.8434 484.205
8 184.516 667.06 135.25
0 185.532 611.088 563.386
1 185.533 695.409 336.227
2 185.534 579.393 105.635
5 185.534 468.011 748.484
7 185.535 79.4827 494.198
8 185.536 676.633 132.359
0 186.548 617.336 555.579
1 186.549 702.054 343.699
2 186.55 589.025 102.947
3 186.55 253.899 331.5
4 186.551 390.519 414.57
5 186.551 458.011 748.495
6 186.552 42.3646 70.7567
7 186.553 79.1221 504.192
8 186.553 686.206 129.468
0 187.566 623.584 547.771
1 187.567 708.7 351.172
2 187.567 598.656 100.259
3 187.568 256.557 321.86
4 187.569 380.529 414.115
5 187.569 448.011 748.506
6 187.57 50.7033 65.2369
7 187.571 78.7615 514.185
8 187.571 695.779 126.577
1 188.584 715.346 358.644
3 188.585 259.215 312.22
4 188.586 370.54 413.661
5 188.587 438.011 748.517
6 188.587 59.0419 59.7172
7 188.588 78.4009 524.179
8 188.588 705.352 123.686
0 189.602 633.584 547.67
1 189.602 721.992 366.116
2 189.603 596.256 90.551
4 189.604 360.55 413.207
5 189.604 428.011 748.528
6 189.605 67.3805 54.1975
7 189.606 78.0403 534.172
0 190.622 643.583 547.569
2 190.623 593.855 80.8435
3 190.625 253.929 303.731
5 190.626 418.011 748.54
6 190.627 75.7192 48.6778
7 190.628 77.6796 544.166
8 190.629 700.258 132.291
0 191.646 653.583 547.468
1 191.646 718.469 375.474
2 191.647 591.454 71.136
3 191.648 248.642 295.243
4 191.648 350.955 410.39
5 191.649 408.011 748.551
6 191.649 84.0578 43.1581
7 191.65 77.319 554.159
8 191.651 695.164 140.897
0 192.664 663.582 547.367
1 192.665 714.945 384.833
2 192.665 589.053 61.4286
4 192.666 341.36 407.573
5 192.667 398.011 748.562
6 192.667 92.3964 37.6384
7 192.668 76.9584 564.153
8 192.669 690.071 149.502
0 193.682 673.582 547.267
1 193.682 711.422 394.192
2 193.683 586.652 51.7211
3 193.684 258.258 292.496
4 193.684 331.765 404.757
5 193.685 388.011 748.573
6 193.686 100.735 32.1187
0 194.699 683.581 547.166
2 194.7 584.251 42.0136
3 194.7 267.873 289.75
5 194.701 378.011 748.584
6 194.702 109.074 26.599
7 194.702 68.9486 570.14
8 194.703 681.047 153.812
0 195.716 693.581 547.065
1 195.717 705.725 402.411
3 195.718 277.489 287.004
4 195.718 326.614 413.328
5 195.719 368.011 748.595
7 195.72 60.9389 576.127
8 195.72 672.024 158.123
0 196.734 703.58 546.964
1 196.734 700.029 410.63
2 196.735 594.218 41.2027
4 196.736 321.464 421.9
5 196.737 358.011 748.606
6 196.737 119.053 25.9588
7 196.738 52.9291 582.114
8 196.738 663 162.433
1 197.756 694.333 418.849
2 197.757 604.185 40.3918
3 197.759 285.049 293.549
5 197.761 348.011 748.617
6 197.762 129.033 25.3186
7 197.763 44.9194 588.101
0 198.783 695.483 541.095
3 198.784 292.61 300.094
4 198.784 312.498 426.33
5 198.785 338.011 748.628
7 198.786 36.9096 594.088
8 198.786 663.846 172.397
0 199.799 687.387 535.226
1 199.8 702.953 423.917
2 199.801 614.157 39.6421
3 199.802 300.17 306.639
4 199.802 303.533 430.76
5 199.803 328.011 748.639
6 199.803 137.408 30.7833
7 199.804 28.8999 600.075
8 199.805 664.691 182.361
0 200.818 679.29 529.358
1 200.819 711.573 428.985
2 200.819 624.129 38.8925
3 200.82 307.731 313.184
4 200.82 294.568 435.19
5 200.821 318.011 748.651
6 200.822 145.782 36.2479
0 201.835 671.193 523.489
2 201.836 634.1 38.1428
3 201.836 315.291 319.729
5 201.837 308.011 748.662
6 201.838 154.157 41.7126
7 201.838 36.78 606.231
8 201.839 665.222 192.347
0 202.852 663.096 517.62
1 202.853 714.173 438.642
3 202.854 322.852 326.274
4 202.855 289.882 444.024
5 202.855 298.011 748.673
7 202.856 44.6601 612.388
8 202.857 665.752 202.333
1 203.874 716.773 448.298
2 203.876 644.07 38.9176
4 203.878 285.197 452.859
5 203.881 288.011 748.684
6 203.884 162.346 35.9728
7 203.887 52.5402 618.545
0 204.906 659.972 508.121
1 204.908 719.372 457.954
2 204.909 654.04 39.6923
3 204.91 330.979 332.1
5 204.912 278.011 748.695
6 204.913 170.535 30.2329
7 204.914 60.4203 624.701
8 204.915 662.284 211.712
0 205.932 656.848 498.621
1 205.933 721.972 467.61
3 205.934 339.107 337.926
4 205.934 276.101 457.014
5 205.935 268.011 748.706
6 205.936 178.723 24.4931
7 205.936 68.3004 630.858
8 205.937 658.815 221.091
0 206.95 653.725 489.121
2 206.951 663.093 43.9414
4 206.952 267.005 461.17
5 206.952 258.011 748.717
7 206.953 76.1805 637.015
8 206.954 655.347 230.471
1 207.967 721.166 477.578
2 207.968 672.145 48.1905
3 207.968 346.924 344.163
5 207.969 248.012 748.728
6 207.97 177.48 34.4155
7 207.97 84.0606 643.171
0 208.984 663.166 485.827
1 208.985 720.36 487.545
3 208.986 354.741 350.4
4 208.987 267.905 451.21
5 208.988 238.012 748.739
6 208.988 176.237 44.3379
7 208.989 91.9407 649.328
8 208.989 663.944 235.578
0 210.002 672.608 482.532
2 210.003 681.384 44.3647
4 210.004 268.804 441.251
5 210.004 228.012 748.75
6 210.005 174.993 54.2603
7 210.006 99.8208 655.484
8 210.006 672.541 240.686
1 211.021 715.368 496.21
2 211.022 690.623 40.5389
3 211.023 363.735 346.028
4 211.025 269.703 431.291
5 211.025 218.012 748.761
6 211.026 173.75 64.1828
7 211.027 107.701 661.641
8 211.027 681.138 245.794
0 212.04 679.174 490.075
1 212.041 710.376 504.875
2 212.042 699.863 36.7132
3 212.043 372.729 341.657
5 212.043 208.012 748.773
6 212.044 172.507 74.1052
7 212.045 115.581 667.798
8 212.045 689.735 250.902
0 213.058 685.739 497.618
3 213.059 381.723 337.286
4 213.06 274.223 422.372
5 213.061 198.012 748.784
6 213.061 171.264 84.0276
8 213.062 698.333 256.009
0 214.075 692.305 505.16
1 214.076 714.522 513.975
2 214.076 706.239 44.4164
3 214.077 390.717 332.914
4 214.078 278.744 413.452
5 214.078 188.012 748.795
6 214.079 170.02 93.95
7 214.079 124.59 663.458
0 215.093 698.871 512.703
1 215.093 718.668 523.075
2 215.094 712.616 52.1197
3 215.095 399.711 328.543
5 215.096 178.012 748.806
6 215.096 168.777 103.872
7 215.097 133.6 659.119
8 215.097 707.628 259.696
3 216.111 408.705 324.172
4 216.112 287.372 408.397
5 216.112 168.012 748.817
6 216.113 167.534 113.795
8 216.114 716.924 263.383
0 217.127 698.215 502.724
1 217.128 714.802 513.853
2 217.128 707.184 60.5158
4 217.129 296.001 403.343
5 217.13 158.012 748.828
6 217.13 166.291 123.717
7 217.131 142.301 654.191
0 218.144 697.56 492.746
1 218.145 710.936 504.63
2 218.146 701.752 68.9119
3 218.146 418.661 323.243
5 218.147 148.012 748.839
6 218.148 165.048 133.64
7 218.148 151.003 649.264
8 218.149 717.799 273.345
0 219.162 696.904 482.767
1 219.163 707.07 495.408
2 219.163 696.32 77.308
3 219.164 428.618 322.315
4 219.164 299.144 393.849
5 219.165 138.012 748.85
6 219.166 163.804 143.562
8 219.166 718.675 283.306
0 220.18 696.249 472.789
1 220.18 703.204 486.185
2 220.181 690.888 85.7041
4 220.182 302.287 384.356
5 220.182 128.012 748.861
7 220.183 160.814 651.2
1 221.196 699.338 476.963
2 221.197 685.456 94.1003
3 221.198 420.502 316.474
4 221.198 305.43 374.863
5 221.199 118.012 748.872
6 221.2 172.775 147.98
7 221.2 170.624 653.136
8 221.201 718.972 273.311
0 222.214 690.334 464.726
1 222.215 695.472 467.74
2 222.215 680.025 102.496
3 222.216 412.385 310.633
4 222.217 308.573 365.37
5 222.217 108.012 748.883
6 222.218 181.747 152.398
8 222.218 719.269 263.315
0 223.231 684.42 456.662
2 223.232 674.593 110.892
3 223.233 404.268 304.791
4 223.234 311.717 355.877
5 223.234 98.0116 748.895
7 223.235 180.069 649.849
8 223.236 719.565 253.32
0 224.251 678.505 448.599
1 224.252 690.601 459.007
2 224.254 669.161 119.289
3 224.255 396.152 298.95
5 224.256 88.0116 748.906
6 224.259 190.524 157.189
7 224.26 189.513 646.562
8 224.261 719.862 243.324
1 225.28 685.73 450.273
2 225.281 663.729 127.685
4 225.282 318.439 348.474
5 225.283 78.0116 748.917
6 225.284 199.301 161.981
8 225.284 720.159 233.328
0 226.297 670.232 442.982
1 226.298 680.859 441.54
2 226.298 658.297 136.081
3 226.299 392.955 289.475
4 226.3 325.162 341.071
5 226.3 68.0116 748.928
7 226.301 193.728 637.494
8 226.302 720.456 223.333
0 227.314 661.958 437.366
2 227.315 652.865 144.477
3 227.316 389.759 279.999
4 227.317 331.885 333.668
5 227.317 58.0116 748.939
6 227.318 208.217 166.509
7 227.318 197.943 628.425
8 227.319 720.752 213.337
0 228.334 653.684 431.749
1 228.336 671.417 444.833
2 228.338 647.433 152.873
3 228.339 386.562 270.524
4 228.34 338.608 326.265
5 228.341 48.0116 748.95
6 228.342 217.134 171.037
8 228.343 721.049 203.342
1 229.357 661.974 448.126
2 229.358 642.001 161.269
3 229.359 383.366 261.049
4 229.359 345.331 318.862
5 229.36 38.0116 748.961
7 229.36 207.116 632.407
0 230.373 651.157 441.425
1 230.374 652.532 451.419
2 230.375 636.57 169.665
4 230.376 352.053 311.459
5 230.376 28.0116 748.972
6 230.377 226.151 175.36
7 230.378 216.289 636.389
8 230.378 717.192 212.568
0 231.391 648.63 451.1
3 231.392 376.396 268.219
4 231.393 358.776 304.056
5 231.394 18.0116 748.983
6 231.394 235.168 179.683
8 231.395 713.335 221.794
0 232.407 646.103 460.775
1 232.408 646.093 459.07
2 232.409 632.292 178.704
3 232.409 369.425 275.39
4 232.41 365.499 296.653
5 232.411 8.01165 748.994
6 232.411 244.185 184.007
7 232.412 220.605 627.368
8 232.412 709.477 231.02
1 233.425 639.653 466.72
2 233.426 628.014 187.743
3 233.427 362.455 282.56
5 233.428 -1.98834 749.006
7 233.428 224.92 618.347
8 233.429 705.62 240.246
0 234.442 637.94 466.551
1 234.442 633.213 474.371
4 234.443 374.487 292.27
6 234.444 252.85 188.999
8 234.445 701.763 249.472
0 235.458 629.777 472.328
2 235.458 630.41 197.452
3 235.459 372.288 280.737
4 235.46 383.475 287.886
5 235.46 7.27581 745.24
6 235.461 261.514 193.992
7 235.462 219.054 610.249
8 235.462 697.906 258.698
1 236.475 631.366 464.543
2 236.476 632.806 207.161
3 236.477 382.12 278.913
4 236.477 392.463 283.503
5 236.478 16.54 741.475
7 236.479 213.188 602.15
8 236.479 694.049 267.924
0 237.492 628.743 462.381
1 237.493 629.518 454.715
3 237.494 391.952 277.089
4 237.495 401.452 279.12
5 237.495 25.8041 737.71
6 237.496 251.755 196.173
7 237.496 207.322 594.051
8 237.497 690.191 277.151
0 238.51 627.709 452.435
1 238.511 627.671 444.887
2 238.511 623.71 203.005
3 238.512 401.785 275.266
4 238.513 410.44 274.736
5 238.513 35.0682 733.945
6 238.514 241.996 198.354
7 238.515 201.456 585.952
0 239.528 626.675 442.488
1 239.529 625.823 435.059
2 239.529 614.615 198.85
3 239.53 411.617 273.442
5 239.531 44.3324 730.18
6 239.531 232.237 200.536
7 239.532 195.59 577.853
8 239.532 693.425 286.613
0 240.545 625.64 432.542
2 240.546 605.519 194.694
4 240.547 419.83 278.176
5 240.547 53.5965 726.415
6 240.548 222.478 202.717
7 240.549 189.724 569.755
8 240.549 696.659 296.076
1 241.562 630.185 426.061
3 241.563 420.583 277.869
4 241.564 429.219 281.615
5 241.564 62.8607 722.65
6 241.565 212.718 204.899
7 241.566 183.858 561.656
0 242.579 629.668 423.389
1 242.58 634.546 417.062
2 242.58 600.144 203.126
3 242.581 429.55 282.297
6 242.582 202.959 207.08
7 242.583 177.992 553.557
8 242.583 705.389 300.954
0 243.597 633.696 414.236
1 243.597 638.908 408.063
2 243.598 594.768 211.559
4 243.599 438.246 285.919
5 243.6 72.8606 722.615
6 243.6 193.2 209.261
7 243.601 172.126 545.458
8 243.601 714.118 305.831
0 244.614 637.724 405.083
2 244.615 589.393 219.991
3 244.616 438.729 286.264
4 244.616 447.272 290.223
5 244.617 82.8606 722.579
6 244.618 183.441 211.443
7 244.618 166.26 537.36
1 245.632 643.068 398.969
2 245.634 584.017 228.423
3 245.635 447.909 290.232
5 245.636 92.8605 722.544
6 245.637 173.682 213.624
8 245.638 705.856 311.464
0 246.655 645.937 399.378
1 246.656 647.227 389.876
2 246.657 578.642 236.856
4 246.658 453.179 282.154
5 246.659 102.86 722.508
7 246.66 174.347 531.477
8 246.661 697.593 317.097
0 247.674 654.15 393.674
3 247.675 456.641 295.104
4 247.676 459.086 274.085
5 247.676 112.86 722.473
6 247.677 165.276 219.042
7 247.677 182.434 525.594
8 247.678 689.331 322.73
1 248.694 656.365 393.938
2 248.696 568.981 234.273
3 248.697 465.374 299.977
4 248.698 464.993 266.016
5 248.699 122.86 722.437
6 248.701 156.871 224.459
8 248.702 681.068 328.363
0 249.719 644.589 396.603
1 249.721 665.503 398.001
2 249.722 559.32 231.69
4 249.723 470.9 257.947
5 249.723 132.86 722.402
6 249.724 148.465 229.876
7 249.724 186.342 516.39
8 249.725 672.806 333.996
0 250.738 635.027 399.532
2 250.739 549.66 229.107
3 250.739 474.283 304.518
4 250.74 476.807 249.878
5 250.741 142.86 722.366
6 250.741 140.06 235.294
7 250.742 190.251 507.185
8 250.743 664.543 339.629
0 251.759 625.466 402.46
1 251.761 666.836 388.09
3 251.763 483.192 309.059
4 251.764 482.714 241.809
5 251.766 152.86 722.331
6 251.767 131.654 240.711
7 251.769 194.159 497.981
0 252.789 615.904 405.389
1 252.79 668.169 378.179
2 252.79 546.279 219.696
4 252.791 488.621 233.74
5 252.792 162.86 722.295
6 252.792 123.249 246.129
8 252.793 670.982 347.281
0 253.806 606.343 408.318
1 253.808 669.502 368.268
2 253.809 542.898 210.285
3 253.81 486.777 318.395
4 253.811 494.528 225.671
5 253.812 172.86 722.26
7 253.813 204.127 497.186
8 253.814 677.42 354.933
0 254.827 596.781 411.247
2 254.828 539.518 200.873
3 254.828 490.361 327.73
4 254.829 500.435 217.602
5 254.83 182.86 722.224
6 254.83 116.156 239.08
7 254.831 214.096 496.391
0 255.846 587.22 414.176
1 255.847 660.676 372.969
4 255.849 506.342 209.533
5 255.851 192.86 722.189
6 255.852 109.063 232.031
8 255.853 668.937 360.229
0 256.873 577.658 417.105
1 256.874 651.849 377.67
2 256.876 538.665 210.837
3 256.882 496.781 320.063
5 256.884 202.86 722.153
6 256.885 101.969 224.982
7 256.886 215.616 486.507
8 256.888 660.454 365.525
1 257.905 643.023 382.37
2 257.906 537.812 220.8
3 257.907 503.2 312.396
4 257.908 510.017 218.833
5 257.909 212.86 722.118
7 257.91 217.135 476.623
8 257.91 651.972 370.82
0 258.923 571.915 425.291
1 258.924 634.197 387.071
2 258.924 536.959 230.764
3 258.925 509.62 304.729
4 258.926 513.691 228.134
5 258.926 222.86 722.082
6 258.927 108.63 232.441
7 258.927 218.655 466.739
8 258.928 643.489 376.116
0 259.941 566.173 433.478
1 259.941 625.37 391.772
2 259.942 536.105 240.728
3 259.943 516.04 297.061
4 259.943 517.366 237.434
5 259.944 232.86 722.047
6 259.944 115.291 239.899
8 259.945 635.006 381.412
0 260.958 560.43 441.664
1 260.959 616.544 396.472
2 260.959 535.252 250.691
3 260.96 522.46 289.394
4 260.961 521.041 246.734
5 260.962 242.86 722.011
6 260.963 121.952 247.358
7 260.964 228.642 467.257
8 260.965 626.524 386.707
1 261.978 607.718 401.173
2 261.979 534.399 260.655
3 261.98 528.879 281.727
4 261.98 524.716 256.035
6 261.981 128.613 254.817
7 261.982 238.628 467.774
8 261.982 618.041 392.003
0 262.995 554.9 449.996
1 262.996 598.892 405.874
2 262.996 533.546 270.618
4 262.997 528.391 265.335
5 262.998 252.789 720.822
6 262.998 135.274 262.276
8 262.999 609.558 397.299
0 264.012 549.371 458.329
1 264.012 590.065 410.574
2 264.013 532.693 280.582
3 264.014 538.649 283.863
4 264.014 532.066 274.635
5 264.015 262.718 719.633
6 264.016 141.935 269.734
7 264.016 239.717 457.833
8 264.017 601.076 402.594
0 265.033 543.842 466.661
1 265.035 581.239 415.275
3 265.037 548.418 285.998
5 265.039 272.647 718.443
6 265.04 148.595 277.193
7 265.042 240.807 447.893
8 265.043 592.593 407.89
0 266.062 538.313 474.994
2 266.063 542.116 283.931
4 266.064 540.84 279.432
6 266.064 155.256 284.652
7 266.065 241.896 437.952
8 266.066 584.11 413.185
0 267.078 532.784 483.326
1 267.079 573.248 409.263
2 267.08 551.538 287.281
3 267.081 557.491 290.203
4 267.082 549.614 284.229
5 267.083 282.629 717.852
6 267.084 161.917 292.111
8 267.085 575.627 418.481
1 268.1 565.257 403.251
2 268.102 560.96 290.63
3 268.103 566.564 294.408
4 268.104 558.389 289.026
5 268.105 292.612 717.26
6 268.106 168.578 299.569
7 268.107 233.03 433.325
0 269.121 528.822 492.508
1 269.121 557.266 397.239
6 269.122 175.239 307.028
7 269.123 224.165 428.699
8 269.124 568.438 411.53
0 270.136 524.86 501.689
1 270.137 549.275 391.226
2 270.138 553.834 297.646
3 270.138 559.406 301.39
4 270.139 548.87 292.091
5 270.14 287.007 708.978
7 270.14 215.3 424.072
8 270.141 561.249 404.579
1 271.154 541.285 385.214
2 271.155 546.708 304.661
3 271.156 552.247 308.373
4 271.157 539.352 295.157
5 271.157 281.402 700.697
6 271.158 183.72 312.327
7 271.158 206.434 419.445
8 271.159 554.06 397.628
0 272.172 519.997 510.427
2 272.173 539.581 311.677
3 272.174 545.089 315.356
4 272.174 529.833 298.222
5 272.175 275.797 692.415
6 272.176 192.2 317.626
7 272.176 197.569 414.819
8 272.177 546.871 390.677
0 273.194 515.134 519.165
1 273.196 534.814 377.59
2 273.197 532.455 318.692
3 273.199 537.93 322.338
4 273.201 520.315 301.288
5 273.202 270.192 684.134
8 273.204 539.682 383.726
1 274.224 528.342 369.966
2 274.225 525.329 325.707
3 274.225 530.772 329.321
4 274.226 510.796 304.353
5 274.226 264.587 675.852
6 274.227 199.56 324.396
7 274.228 191.305 422.614
0 275.24 515.915 529.135
1 275.241 521.871 362.342
3 275.242 523.613 336.303
4 275.243 501.277 307.418
5 275.243 258.982 667.57
6 275.244 206.92 331.166
7 275.244 185.042 430.41
8 275.252 533.251 376.068
0 276.267 516.695 539.104
1 276.268 515.4 354.718
2 276.269 518.452 332.967
4 276.27 491.759 310.484
5 276.271 253.377 659.289
7 276.273 178.778 438.205
8 276.274 526.82 368.41
1 277.287 508.929 347.094
2 277.287 511.574 340.227
3 277.288 515.074 341.506
4 277.288 482.24 313.549
5 277.289 247.773 651.007
6 277.29 203.49 340.56
7 277.29 172.515 446
8 277.291 520.389 360.752
0 278.304 514.889 548.94
2 278.308 504.697 347.487
3 278.309 506.534 346.709
4 278.309 472.722 316.615
5 278.31 242.168 642.725
6 278.311 200.061 349.954
7 278.311 166.251 453.796
8 278.312 513.958 353.095
0 279.324 513.082 558.775
1 279.325 500.259 352.078
3 279.326 497.994 351.912
4 279.326 463.203 319.68
6 279.327 196.632 359.347
7 279.328 159.988 461.591
8 279.328 507.527 345.437
0 280.342 511.276 568.611
1 280.342 491.59 357.062
2 280.343 495.286 350.868
3 280.344 489.454 357.114
4 280.344 453.685 322.746
5 280.345 250.003 636.512
6 280.346 193.203 368.741
7 280.346 153.724 469.387
0 281.363 509.469 578.446
1 281.363 482.92 362.046
2 281.364 485.875 354.249
5 281.365 257.839 630.299
6 281.366 189.774 378.135
7 281.366 147.461 477.182
8 281.367 498.616 349.974
2 282.384 476.464 357.63
3 282.385 480.455 361.477
4 282.386 458.88 331.29
5 282.386 265.675 624.086
6 282.387 186.345 387.528
8 282.388 489.705 354.512
0 283.4 499.902 575.535
1 283.401 473.7 358.174
3 283.402 471.457 365.839
4 283.403 464.075 339.835
6 283.403 182.916 396.922
7 283.404 137.828 479.867
8 283.405 480.793 359.05
0 284.418 490.335 572.624
1 284.419 464.48 354.302
2 284.419 476.067 367.622
5 284.42 274.115 629.449
6 284.421 179.487 406.316
7 284.421 128.195 482.552
8 284.422 471.882 363.588
0 285.435 480.769 569.712
1 285.436 455.26 350.43
2 285.437 475.67 377.614
3 285.438 462.775 360.876
4 285.438 454.84 343.669
5 285.439 282.556 634.812
6 285.439 176.057 415.709
7 285.44 118.562 485.237
2 286.448 475.273 387.606
3 286.449 454.094 355.913
4 286.449 445.604 347.504
6 286.45 172.628 425.103
8 286.451 463.007 358.98
0 287.463 483.234 579.404
1 287.464 456.647 360.333
2 287.465 474.876 397.598
3 287.466 445.412 350.951
5 287.468 276.353 626.968
6 287.47 169.199 434.497
7 287.471 119.166 495.219
8 287.471 454.131 354.373
0 288.485 485.699 589.095
1 288.486 458.033 370.236
2 288.487 474.479 407.59
4 288.487 447.711 357.279
5 288.488 270.15 619.124
6 288.489 165.77 443.89
7 288.489 119.77 505.2
8 288.49 445.256 349.766
0 289.506 488.165 598.786
1 289.508 459.42 380.14
2 289.51 474.082 417.582
3 289.511 447.592 360.71
4 289.514 449.817 367.055
5 289.516 263.947 611.281
8 289.518 436.38 345.159
0 290.535 490.63 608.478
1 290.536 460.806 390.043
2 290.537 473.685 427.574
3 290.537 449.772 370.47
4 290.538 451.924 376.83
5 290.538 257.744 603.437
6 290.539 157.34 438.512
7 290.54 113.091 512.643
1 291.555 462.193 399.947
2 291.556 473.288 437.567
3 291.556 451.951 380.229
4 291.557 454.03 386.606
5 291.558 251.541 595.593
6 291.558 148.91 433.133
7 291.559 106.411 520.085
8 291.56 439.124 354.775
0 292.574 496.373 616.664
1 292.575 463.579 409.85
2 292.575 472.891 447.559
3 292.576 454.131 389.989
4 292.576 456.137 396.382
5 292.577 245.338 587.75
6 292.578 140.48 427.754
7 292.579 99.732 527.527
8 292.58 441.868 364.392
0 293.594 502.116 624.85
1 293.594 464.966 419.753
2 293.595 472.495 457.551
3 293.596 456.31 399.748
4 293.597 458.243 406.157
5 293.598 239.135 579.906
8 293.6 444.611 374.008
0 294.611 507.86 633.037
1 294.612 466.352 429.657
2 294.613 472.098 467.543
3 294.613 458.49 409.508
4 294.615 460.349 415.933
6 294.617 130.79 430.226
7 294.618 102.657 517.964
8 294.619 447.355 383.624
0 295.635 513.603 641.223
1 295.637 467.739 439.56
3 295.639 460.67 419.268
4 295.641 462.456 425.709
5 295.643 247.815 584.871
6 295.646 121.1 432.699
7 295.647 105.582 508.402
8 295.649 450.099 393.24
0 296.668 519.346 649.41
1 296.67 469.125 449.464
2 296.672 467.06 476.181
3 296.674 462.849 429.027
4 296.675 464.562 435.484
5 296.678 256.496 589.835
6 296.68 111.411 435.171
7 296.681 108.508 498.839
8 296.682 452.843 402.857
0 297.701 525.089 657.596
1 297.702 470.511 459.367
2 297.705 462.022 484.819
3 297.706 465.029 438.787
4 297.707 466.669 445.26
5 297.708 265.177 594.8
7 297.708 111.433 489.277
8 297.709 455.586 412.473
0 298.722 530.832 665.782
1 298.722 471.898 469.271
2 298.723 456.983 493.458
3 298.724 467.209 448.546
4 298.725 468.775 455.035
5 298.726 273.857 599.764
6 298.726 116.273 443.909
7 298.727 114.358 479.714
8 298.728 458.33 422.089
0 299.746 536.575 673.969
3 299.748 469.388 458.306
4 299.748 470.882 464.811
5 299.749 282.538 604.729
6 299.751 121.135 452.648
7 299.752 117.283 470.151
8 299.754 461.074 431.705
1 300.769 480.943 473.534
2 300.771 466.116 497.532
3 300.772 471.568 468.065
4 300.774 472.988 474.587
5 300.776 291.218 609.693
7 300.777 120.208 460.589
8 300.778 463.817 441.322
0 301.791 545.631 678.209
1 301.793 489.989 477.798
2 301.796 475.248 501.606
5 301.797 299.899 614.658
6 301.798 126.444 444.174
8 301.798 466.561 450.938
0 302.814 554.688 682.449
1 302.816 499.034 482.062
2 302.817 484.381 505.68
3 302.818 464.342 474.978
4 302.821 473.708 484.561
6 302.823 131.754 435.7
7 302.823 125.113 451.874
8 302.824 469.305 460.554
1 303.837 508.079 486.326
2 303.838 493.513 509.754
3 303.839 457.115 481.89
4 303.84 474.429 494.535
5 303.842 309.834 613.515
6 303.843 137.063 427.225
7 303.844 130.018 443.16
8 303.848 472.049 470.17
0 304.862 563.195 687.706
1 304.863 517.125 490.59
2 304.865 502.646 513.829
3 304.866 449.889 488.802
4 304.868 475.149 504.509
5 304.87 319.768 612.372
6 304.872 142.372 418.751
7 304.872 134.923 434.446
0 305.888 571.702 692.962
1 305.889 526.17 494.854
2 305.892 511.778 517.903
3 305.894 442.662 495.714
4 305.896 475.869 514.483
6 305.897 147.681 410.277
7 305.898 139.828 425.731
8 305.899 464.394 476.606
1 306.912 535.216 499.118
2 306.913 520.91 521.977
3 306.913 435.436 502.627
4 306.914 476.589 524.457
5 306.915 327.494 618.721
6 306.917 152.991 401.803
7 306.919 144.733 417.017
8 306.92 456.74 483.041
0 307.932 578.544 685.67
1 307.933 544.261 503.382
2 307.934 530.043 526.051
4 307.935 477.309 534.431
5 307.937 335.219 625.071
6 307.939 158.3 393.329
7 307.939 149.638 408.302
8 307.94 449.086 489.476
0 308.953 585.387 678.377
1 308.954 553.306 507.646
2 308.955 539.175 530.125
3 308.957 430.407 511.27
4 308.959 478.029 544.405
5 308.96 342.945 631.42
7 308.961 154.543 399.588
8 308.962 441.432 495.911
0 309.974 592.229 671.085
1 309.975 562.352 511.91
2 309.975 548.308 534.2
3 309.976 425.378 519.913
6 309.977 168.253 392.359
8 309.978 433.777 502.346
0 310.993 599.072 663.792
1 310.994 571.397 516.174
2 310.995 557.44 538.274
4 310.997 476.052 554.208
5 310.999 345.232 641.155
6 310.999 178.206 391.39
7 311 144.56 399.016
1 312.012 580.443 520.437
2 312.013 566.572 542.348
3 312.014 415.487 521.39
4 312.017 474.075 564.01
5 312.018 347.52 650.89
6 312.019 188.159 390.42
7 312.02 134.576 398.444
8 312.02 425.222 507.524
0 313.033 598.776 673.788
1 313.034 589.488 524.701
2 313.034 575.705 546.422
3 313.036 405.597 522.866
4 313.038 472.098 573.813
5 313.039 349.807 660.625
6 313.039 198.112 389.45
7 313.04 124.592 397.872
8 313.041 416.667 512.702
0 314.055 598.48 683.783
3 314.057 395.706 524.342
4 314.058 470.12 583.615
5 314.06 352.095 670.36
6 314.062 208.065 388.481
7 314.064 114.609 397.3
8 314.065 408.112 517.88
0 315.078 598.184 693.779
1 315.078 585.367 533.813
2 315.079 572.97 556.041
4 315.079 468.143 593.418
5 315.08 354.383 680.094
7 315.081 104.625 396.728
8 315.081 399.557 523.058
0 316.1 597.888 703.774
1 316.101 581.246 542.924
2 316.103 570.234 565.659
3 316.104 388.069 530.798
4 316.106 466.166 603.22
5 316.108 356.67 689.829
6 316.109 202.14 380.425
7 316.11 94.6415 396.156
1 317.123 577.125 552.036
3 317.123 380.432 537.253
4 317.124 464.189 613.023
5 317.125 358.958 699.564
6 317.127 196.216 372.369
7 317.129 84.6579 395.584
8 317.13 403.011 532.442
0 318.142 588.679 707.672
1 318.142 573.004 561.147
2 318.143 575.55 574.13
3 318.146 372.795 543.709
6 318.148 190.291 364.312
7 318.148 74.6743 395.013
8 318.149 406.464 541.827
0 319.166 579.47 711.569
1 319.167 568.883 570.258
2 319.168 580.866 582.6
4 319.171 457.091 605.978
5 319.172 353.318 707.822
6 319.174 184.367 356.256
7 319.175 64.6907 394.441
0 320.191 570.26 715.467
3 320.192 377.949 552.278
4 320.193 449.994 598.934
5 320.194 347.678 716.08
6 320.195 178.443 348.2
7 320.197 54.707 393.869
8 320.198 412.322 549.932
1 321.21 564.566 579.279
2 321.211 571.763 586.74
3 321.212 383.104 560.848
4 321.213 442.896 591.889
6 321.214 172.518 340.144
8 321.216 418.179 558.037
0 322.229 561.014 711.657
1 322.231 560.25 588.299
2 322.233 562.661 590.88
5 322.234 357.507 717.917
6 322.235 166.594 332.088
7 322.235 53.9437 383.898
8 322.236 424.036 566.142
0 323.249 551.768 707.848
1 323.25 555.933 597.319
2 323.251 553.558 595.02
3 323.253 383.061 570.848
4 323.255 436.463 599.546
5 323.256 367.337 719.755
7 323.257 53.1805 373.927
8 323.258 429.893 574.247
0 324.272 542.522 704.039
3 324.273 383.018 580.847
4 324.274 430.031 607.202
5 324.274 377.167 721.592
6 324.275 157.399 328.156
7 324.275 52.4172 363.956
8 324.276 435.751 582.352
1 325.292 562.142 605.159
2 325.293 559.797 602.835
4 325.293 423.598 614.859
6 325.294 148.204 324.225
7 325.295 51.6539 353.985
8 325.295 441.608 590.458
0 326.311 533.177 707.599
1 326.312 568.35 612.998
2 326.312 566.036 610.65
3 326.313 373.726 584.542
