0 10.939 621.784 301.28
1 10.94 621.088 291.538
2 10.941 529.64 598.052
3 10.942 414.872 176.612
4 10.942 677.778 103.402
5 10.943 216.033 34.1311
6 10.943 111.395 719.979
0 11.971 613.428 306.773
1 11.972 612.036 287.289
2 11.974 533.547 588.847
3 11.975 408.708 184.487
4 11.977 668.212 106.318
5 11.979 226.007 33.4113
6 11.98 121.211 718.07
0 13.005 605.072 312.266
1 13.006 602.984 283.04
2 13.008 537.455 579.642
3 13.009 402.544 192.361
4 13.011 658.647 109.234
5 13.012 235.981 32.6915
6 13.012 131.028 716.161
0 14.031 596.715 317.759
1 14.032 593.931 278.791
2 14.033 541.362 570.437
3 14.033 396.381 200.236
4 14.034 649.081 112.149
5 14.034 245.955 31.9718
6 14.035 140.844 714.253
0 15.065 588.359 323.252
1 15.067 584.879 274.541
2 15.069 545.269 561.232
3 15.071 390.217 208.111
4 15.072 639.516 115.065
5 15.073 255.93 31.252
6 15.075 150.66 712.344
0 16.108 580.003 328.745
1 16.109 575.827 270.292
2 16.11 549.177 552.027
3 16.112 384.054 215.985
4 16.113 629.95 117.981
5 16.114 265.904 30.5322
6 16.116 160.476 710.435
0 17.157 571.647 334.237
1 17.159 566.774 266.043
2 17.16 553.084 542.822
3 17.161 377.89 223.86
4 17.162 620.385 120.896
5 17.163 275.878 29.8125
6 17.163 170.292 708.527
0 18.189 563.29 339.73
1 18.189 557.722 261.794
2 18.19 556.992 533.617
3 18.191 371.726 231.735
4 18.191 610.819 123.812
5 18.192 285.852 29.0927
6 18.193 180.108 706.618
0 19.223 554.934 345.223
1 19.225 548.67 257.545
2 19.227 560.899 524.412
3 19.228 365.563 239.609
4 19.229 601.254 126.728
5 19.23 295.826 28.3729
6 19.231 189.924 704.709
0 20.256 546.578 350.716
1 20.257 539.617 253.296
2 20.257 564.806 515.207
3 20.258 359.399 247.484
4 20.259 591.689 129.644
5 20.259 305.8 27.6532
6 20.26 199.741 702.801
0 21.285 538.221 356.209
1 21.286 530.565 249.047
2 21.287 568.714 506.002
3 21.288 353.236 255.359
4 21.288 582.123 132.559
5 21.289 315.774 26.9334
6 21.29 209.557 700.892
0 22.314 529.865 361.702
1 22.315 521.513 244.797
2 22.315 572.621 496.797
3 22.316 347.072 263.233
4 22.317 572.558 135.475
5 22.317 325.748 26.2136
6 22.318 219.373 698.983
0 23.343 521.509 367.195
1 23.345 512.46 240.548
2 23.346 576.529 487.592
3 23.346 340.909 271.108
4 23.347 562.992 138.391
5 23.348 335.722 25.4939
6 23.348 229.189 697.074
0 24.373 513.152 372.688
1 24.374 503.408 236.299
2 24.375 580.436 478.387
3 24.376 334.745 278.983
4 24.376 553.427 141.307
5 24.377 345.696 24.7741
6 24.377 239.005 695.166
0 25.403 504.796 378.181
1 25.404 494.356 232.05
2 25.404 584.344 469.182
3 25.405 328.581 286.857
4 25.406 543.861 144.222
5 25.406 355.67 24.0543
6 25.407 248.821 693.257
0 26.433 496.44 383.673
1 26.434 485.303 227.801
2 26.434 588.251 459.977
3 26.435 322.418 294.732
4 26.436 534.296 147.138
5 26.436 365.644 23.3346
6 26.437 258.638 691.348
0 27.463 488.083 389.166
1 27.463 476.251 223.552
2 27.464 592.158 450.772
3 27.465 316.254 302.607
4 27.465 524.73 150.054
5 27.466 375.618 22.6148
6 27.466 268.454 689.44
0 28.491 479.727 394.659
1 28.492 467.199 219.302
2 28.493 596.066 441.567
3 28.493 310.091 310.481
4 28.494 515.165 152.969
5 28.495 385.592 21.895
6 28.495 278.27 687.531
0 29.522 471.371 400.152
1 29.523 458.146 215.053
2 29.524 599.973 432.362
3 29.526 303.927 318.356
4 29.527 505.599 155.885
5 29.528 395.566 21.1753
6 29.529 288.086 685.622
0 30.564 463.014 405.645
1 30.565 449.094 210.804
2 30.566 603.881 423.157
3 30.566 297.764 326.231
4 30.567 496.034 158.801
5 30.568 405.54 20.4555
6 30.568 297.902 683.714
0 31.593 454.658 411.138
1 31.594 440.042 206.555
2 31.595 607.788 413.952
3 31.596 291.6 334.105
4 31.596 486.468 161.717
5 31.597 415.515 19.7357
6 31.597 307.718 681.805
0 32.624 446.302 416.631
1 32.625 430.989 202.306
2 32.626 611.695 404.747
3 32.627 285.436 341.98
4 32.628 476.903 164.632
5 32.628 425.489 19.016
6 32.629 317.534 679.896
0 33.654 437.945 422.124
1 33.655 421.937 198.057
2 33.657 615.603 395.542
3 33.658 279.273 349.855
4 33.659 467.337 167.548
5 33.659 435.463 18.2962
6 33.66 327.351 677.987
0 34.687 429.589 427.617
1 34.688 412.885 193.808
2 34.689 619.51 386.337
3 34.69 273.109 357.729
4 34.69 457.772 170.464
5 34.691 445.437 17.5764
6 34.692 337.167 676.079
0 35.728 421.233 433.11
1 35.729 403.832 189.558
2 35.729 623.418 377.132
3 35.73 266.946 365.604
4 35.731 448.206 173.379
5 35.731 455.411 16.8567
6 35.732 346.983 674.17
0 36.771 412.876 438.602
1 36.772 394.78 185.309
2 36.772 627.325 367.927
3 36.773 260.782 373.479
4 36.773 438.641 176.295
5 36.774 465.385 16.1369
6 36.775 356.799 672.261
0 37.804 404.52 444.095
1 37.804 385.728 181.06
2 37.805 631.233 358.722
3 37.805 254.618 381.353
4 37.806 429.075 179.211
5 37.807 475.359 15.4171
6 37.807 366.615 670.353
0 38.833 396.164 449.588
1 38.835 376.675 176.811
2 38.836 635.14 349.517
3 38.837 248.455 389.228
4 38.837 419.51 182.127
5 38.838 485.333 14.6974
6 38.839 376.431 668.444
0 39.87 387.807 455.081
1 39.871 367.623 172.562
2 39.871 639.047 340.312
3 39.872 242.291 397.103
4 39.872 409.944 185.042
5 39.873 495.307 13.9776
6 39.874 386.248 666.535
0 40.905 379.451 460.574
1 40.906 358.571 168.313
2 40.907 642.955 331.107
3 40.908 236.128 404.977
4 40.909 400.379 187.958
5 40.91 505.281 13.2578
6 40.91 396.064 664.627
0 41.939 371.095 466.067
1 41.94 349.519 164.063
2 41.94 646.862 321.902
3 41.941 229.964 412.852
4 41.943 390.813 190.874
5 41.946 515.255 12.5381
6 41.947 405.88 662.718
0 42.982 362.738 471.56
1 42.983 340.466 159.814
2 42.983 650.77 312.697
3 42.984 223.801 420.727
4 42.985 381.248 193.789
5 42.985 525.229 11.8183
6 42.986 415.696 660.809
0 44.017 354.382 477.053
1 44.018 331.414 155.565
2 44.019 654.677 303.492
3 44.02 217.637 428.601
4 44.02 371.682 196.705
5 44.021 535.203 11.0985
6 44.022 425.512 658.9
0 45.048 346.026 482.546
1 45.049 322.362 151.316
2 45.05 658.584 294.287
3 45.051 211.473 436.476
4 45.052 362.117 199.621
5 45.053 545.177 10.3788
6 45.054 435.328 656.992
0 46.081 337.669 488.038
1 46.082 313.309 147.067
2 46.083 662.492 285.082
3 46.084 205.31 444.351
4 46.085 352.551 202.537
5 46.086 555.151 9.65902
6 46.087 445.144 655.083
0 47.115 329.313 493.531
1 47.116 304.257 142.818
2 47.118 666.399 275.877
3 47.119 199.146 452.225
4 47.12 342.986 205.452
5 47.121 565.125 8.93925
6 47.121 454.961 653.174
0 48.147 320.957 499.024
1 48.148 295.205 138.569
2 48.148 670.307 266.672
3 48.149 192.983 460.1
4 48.15 333.42 208.368
5 48.15 575.1 8.21949
6 48.151 464.777 651.266
0 49.177 312.601 504.517
1 49.178 286.152 134.319
2 49.179 674.214 257.467
3 49.181 186.819 467.975
4 49.181 323.855 211.284
5 49.182 585.074 7.49972
6 49.183 474.593 649.357
0 50.208 304.244 510.01
1 50.209 277.1 130.07
2 50.21 678.122 248.262
3 50.21 180.655 475.849
4 50.211 314.289 214.199
5 50.212 595.048 6.77995
6 50.212 484.409 647.448
0 51.239 295.888 515.503
1 51.241 268.048 125.821
2 51.242 682.029 239.057
3 51.243 174.492 483.724
4 51.244 304.724 217.115
5 51.245 605.022 6.06019
6 51.246 494.225 645.54
0 52.271 287.532 520.996
1 52.272 258.995 121.572
2 52.272 685.936 229.852
3 52.273 168.328 491.599
4 52.274 295.158 220.031
5 52.274 614.996 5.34042
6 52.275 504.041 643.631
0 53.302 279.175 526.489
1 53.303 249.943 117.323
2 53.304 689.844 220.647
3 53.305 162.165 499.473
4 53.306 285.593 222.947
5 53.306 624.97 4.62066
6 53.307 513.858 641.722
0 54.345 270.819 531.982
1 54.346 240.891 113.074
2 54.347 693.751 211.442
3 54.348 156.001 507.348
4 54.349 276.027 225.862
5 54.349 634.944 3.90089
6 54.35 523.674 639.814
0 55.378 262.463 537.474
1 55.378 231.838 108.825
2 55.379 697.659 202.237
3 55.38 149.838 515.223
4 55.381 266.462 228.778
5 55.381 644.918 3.18112
6 55.382 533.49 637.905
0 56.42 254.106 542.967
1 56.422 222.786 104.575
2 56.423 701.566 193.032
3 56.423 143.674 523.097
4 56.424 256.896 231.694
5 56.424 654.892 2.46136
6 56.425 543.306 635.996
0 57.45 245.75 548.46
1 57.451 213.734 100.326
2 57.452 705.474 183.827
3 57.452 137.51 530.972
4 57.453 247.331 234.609
5 57.454 664.866 1.74159
6 57.454 553.122 634.087
0 58.48 237.394 553.953
1 58.48 204.681 96.0771
2 58.481 709.381 174.622
3 58.482 131.347 538.847
4 58.482 237.765 237.525
5 58.483 674.84 1.02183
6 58.483 562.938 632.179
0 59.509 229.037 559.446
1 59.51 195.629 91.8279
2 59.51 713.288 165.417
3 59.511 125.183 546.721
4 59.512 228.2 240.441
5 59.512 684.814 0.302061
6 59.513 572.754 630.27
0 60.539 220.681 564.939
1 60.539 186.577 87.5788
2 60.54 717.196 156.212
3 60.541 119.02 554.596
4 60.541 218.634 243.357
6 61.716 582.571 628.361
0 62.744 212.325 570.432
1 62.745 177.524 83.3296
2 62.745 721.103 147.007
3 62.746 112.856 562.47
4 62.746 209.069 246.272
5 62.747 675.549 4.06465
6 62.748 592.387 626.453
0 63.773 203.968 575.925
1 63.774 168.472 79.0805
2 63.775 725.011 137.802
3 63.775 106.692 570.345
4 63.776 199.503 249.188
5 63.776 666.284 7.82724
6 63.777 602.203 624.544
0 64.803 195.612 581.418
1 64.804 159.42 74.8313
2 64.804 728.918 128.597
3 64.805 100.529 578.22
4 64.805 189.938 252.104
5 64.806 657.019 11.5898
6 64.806 612.019 622.635
0 65.832 187.256 586.911
1 65.833 150.367 70.5822
2 65.834 732.825 119.392
3 65.834 94.3653 586.094
4 65.835 180.372 255.02
5 65.836 647.754 15.3524
6 65.836 621.835 620.727
0 66.867 178.899 592.403
1 66.868 141.315 66.333
2 66.87 736.733 110.187
3 66.871 88.2018 593.969
4 66.872 170.807 257.935
5 66.874 638.489 19.115
6 66.875 631.651 618.818
0 67.921 170.543 597.896
1 67.922 132.263 62.0839
2 67.923 740.64 100.982
3 67.923 82.0382 601.844
4 67.924 161.241 260.851
5 67.924 629.223 22.8776
6 67.925 641.468 616.909
0 68.949 162.187 603.389
1 68.95 123.21 57.8347
2 68.951 744.548 91.7771
3 68.951 75.8746 609.718
4 68.952 151.676 263.767
5 68.952 619.958 26.6402
6 68.953 651.284 615
0 69.979 153.83 608.882
1 69.98 114.158 53.5855
2 69.98 748.455 82.5721
3 69.981 69.711 617.593
4 69.982 142.111 266.682
5 69.982 610.693 30.4028
6 69.983 661.1 613.092
0 71.008 145.474 614.375
1 71.008 105.106 49.3364
3 72.265 63.5474 625.468
4 72.265 132.545 269.598
5 72.266 601.428 34.1654
6 72.267 670.916 611.183
0 73.291 137.118 619.868
1 73.292 96.0532 45.0872
2 73.293 740.723 88.9134
3 73.294 57.3839 633.342
4 73.294 122.98 272.514
5 73.295 592.163 37.928
6 73.296 680.732 609.274
0 74.329 128.761 625.361
1 74.33 87.0009 40.8381
2 74.33 732.991 95.2548
4 75.158 113.414 275.43
5 75.159 582.898 41.6905
6 75.159 690.548 607.366
0 76.182 120.405 630.854
1 76.183 77.9486 36.5889
2 76.183 725.258 101.596
3 76.184 56.4417 623.387
4 76.184 103.849 278.345
5 76.185 573.632 45.4531
6 76.186 700.364 605.457
0 77.226 112.049 636.347
1 77.227 68.8962 32.3398
2 77.227 717.526 107.937
3 77.228 55.4995 613.431
4 77.228 94.2831 281.261
5 77.229 564.367 49.2157
6 77.23 710.181 603.548
0 78.26 103.692 641.839
1 78.261 59.8439 28.0906
2 78.262 709.794 114.279
3 78.262 54.5573 603.476
4 78.263 84.7176 284.177
5 78.263 555.102 52.9783
6 78.264 719.997 601.64
0 79.293 95.3361 647.332
1 79.294 50.7916 23.8415
2 79.296 702.062 120.62
3 79.297 53.6151 593.52
4 79.299 75.1521 287.092
5 79.301 545.837 56.7409
6 79.302 729.813 599.731
0 80.361 86.9798 652.825
1 80.362 41.7392 19.5923
2 80.362 694.329 126.961
3 80.363 52.6729 583.565
4 80.364 65.5866 290.008
5 80.365 536.572 60.5035
6 80.365 739.629 597.822
0 81.39 78.6235 658.318
1 81.391 32.6869 15.3432
2 81.391 686.597 133.303
3 81.392 51.7308 573.609
4 81.392 56.0211 292.924
5 81.393 527.307 64.2661
6 81.394 749.445 595.913
0 82.419 70.2672 663.811
1 82.42 23.6346 11.094
2 82.421 678.865 139.644
3 82.422 50.7886 563.654
4 82.423 46.4556 295.84
5 82.424 518.042 68.0287
0 84.195 61.9108 669.304
1 84.197 14.5822 6.84488
2 84.198 671.133 145.985
3 84.2 49.8464 553.698
4 84.201 36.8901 298.755
5 84.202 508.776 71.7913
6 84.204 749.435 585.913
0 85.245 53.5545 674.797
1 85.246 5.5299 2.59573
2 85.247 663.401 152.327
3 85.247 48.9042 543.743
4 85.248 27.3246 301.671
5 85.249 499.511 75.5538
6 85.249 749.425 575.913
0 86.275 45.1982 680.29
1 86.276 -3.52243 -1.65343
2 86.277 655.668 158.668
3 86.278 47.962 533.787
4 86.279 17.7591 304.587
5 86.28 490.246 79.3164
6 86.281 749.416 565.913
0 87.308 36.8419 685.783
2 88.204 647.936 165.009
3 88.204 47.0198 523.832
4 88.205 8.19365 307.502
5 88.205 480.981 83.079
6 88.206 749.406 555.913
0 89.233 28.4856 691.275
1 89.234 -3.42633 8.34611
2 89.236 640.204 171.351
3 89.237 46.0776 513.876
4 89.238 -1.37184 310.418
5 89.24 471.716 86.8416
6 89.241 749.396 545.913
0 90.28 20.1292 696.768
1 90.281 -3.33022 18.3457
2 90.281 632.472 177.692
3 90.282 45.1355 503.921
5 91.085 462.451 90.6042
6 91.085 749.386 535.913
0 92.107 11.7729 702.261
1 92.108 -3.23412 28.3452
2 92.108 624.739 184.033
3 92.109 44.1933 493.965
4 92.11 7.16294 315.629
5 92.114 453.186 94.3668
6 92.117 749.376 525.913
0 93.149 3.41659 707.754
1 93.151 -3.13802 38.3447
2 93.153 617.007 190.375
3 93.154 43.2511 484.01
4 93.156 15.6977 320.841
5 93.158 443.92 98.1294
6 93.159 749.366 515.913
1 95.066 -3.04191 48.3443
2 95.067 609.275 196.716
3 95.068 42.3089 474.054
4 95.068 24.2325 326.052
5 95.069 434.655 101.892
6 95.069 749.356 505.913
0 96.093 13.2482 705.927
1 96.094 -2.94581 58.3438
2 96.095 601.543 203.057
3 96.095 41.3667 464.099
4 96.096 32.7673 331.263
5 96.096 425.39 105.655
6 96.097 749.346 495.913
0 97.12 23.0798 704.099
1 97.121 -2.8497 68.3433
2 97.122 593.81 209.399
3 97.122 40.4245 454.143
4 97.123 41.302 336.475
5 97.124 416.125 109.417
6 97.124 749.336 485.913
0 98.148 32.9114 702.272
1 98.149 -2.7536 78.3429
2 98.15 586.078 215.74
3 98.15 39.4824 444.188
4 98.151 49.8368 341.686
5 98.152 406.86 113.18
6 98.152 749.326 475.913
0 99.176 42.743 700.444
1 99.177 -2.6575 88.3424
2 99.178 578.346 222.081
3 99.178 38.5402 434.232
4 99.179 58.3716 346.897
5 99.179 397.595 116.942
6 99.18 749.317 465.913
0 100.204 52.5746 698.617
1 100.206 -2.56139 98.342
2 100.208 570.614 228.423
3 100.209 37.598 424.277
4 100.21 66.9064 352.109
5 100.211 388.33 120.705
6 100.212 749.307 455.914
0 101.238 62.4062 696.789
1 101.239 -2.46529 108.341
2 101.24 562.881 234.764
3 101.242 36.6558 414.321
4 101.243 75.4411 357.32
5 101.244 379.064 124.467
6 101.245 749.297 445.914
0 102.277 72.2378 694.962
1 102.278 -2.36918 118.341
2 102.278 555.149 241.105
3 102.279 35.7136 404.366
4 102.28 83.9759 362.531
5 102.28 369.799 128.23
6 102.281 749.287 435.914
0 103.304 82.0694 693.134
1 103.305 -2.27308 128.341
2 103.306 547.417 247.447
3 103.306 34.7714 394.41
4 103.307 92.5107 367.742
5 103.308 360.534 131.993
6 103.308 749.277 425.914
0 104.332 91.901 691.307
1 104.333 -2.17698 138.34
2 104.334 539.685 253.788
3 104.334 33.8293 384.455
4 104.336 101.045 372.954
5 104.338 351.269 135.755
6 104.341 749.267 415.914
0 105.37 101.733 689.479
1 105.37 -2.08087 148.34
2 105.371 531.953 260.129
3 105.372 32.8871 374.499
4 105.372 109.58 378.165
5 105.373 342.004 139.518
6 105.373 749.257 405.914
0 106.396 111.564 687.652
1 106.397 -1.98477 158.339
2 106.398 524.22 266.471
3 106.4 31.9449 364.544
4 106.401 118.115 383.376
5 106.402 332.739 143.28
6 106.403 749.247 395.914
0 107.427 121.396 685.825
1 107.428 -1.88866 168.339
2 107.429 516.488 272.812
3 107.429 31.0027 354.588
4 107.43 126.65 388.588
5 107.431 323.474 147.043
6 107.431 749.237 385.914
0 108.455 131.227 683.997
1 108.456 -1.79256 178.338
2 108.457 508.756 279.154
3 108.457 30.0605 344.632
4 108.458 135.185 393.799
5 108.458 314.208 150.806
6 108.459 749.228 375.914
0 109.483 141.059 682.17
1 109.484 -1.69646 188.338
2 109.485 501.024 285.495
3 109.486 29.1183 334.677
4 109.486 143.719 399.01
5 109.487 304.943 154.568
6 109.487 749.218 365.914
0 110.511 150.891 680.342
1 110.512 -1.60035 198.337
2 110.513 493.291 291.836
3 110.513 28.1762 324.721
4 110.514 152.254 404.222
5 110.515 295.678 158.331
6 110.515 749.208 355.914
0 111.543 160.722 678.515
1 111.545 -1.50425 208.337
2 111.547 485.559 298.178
3 111.548 27.234 314.766
4 111.55 160.789 409.433
5 111.551 286.413 162.093
6 111.553 749.198 345.914
0 112.591 170.554 676.687
1 112.591 -1.40814 218.336
2 112.592 477.827 304.519
3 112.593 26.2918 304.81
4 112.593 169.324 414.644
5 112.594 277.148 165.856
6 112.594 749.188 335.914
0 113.619 180.385 674.86
1 113.619 -1.31204 228.336
2 113.62 470.095 310.86
3 113.621 25.3496 294.855
4 113.621 177.858 419.855
5 113.622 267.883 169.619
6 113.622 749.178 325.914
0 114.647 190.217 673.032
1 114.648 -1.21594 238.335
2 114.648 462.362 317.202
3 114.649 24.4074 284.899
4 114.65 186.393 425.067
5 114.65 258.618 173.381
6 114.651 749.168 315.914
0 115.678 200.049 671.205
1 115.678 -1.11983 248.335
2 115.679 454.63 323.543
3 115.68 23.4652 274.944
4 115.68 194.928 430.278
5 115.681 249.352 177.144
6 115.681 749.158 305.914
0 116.709 209.88 669.377
1 116.71 -1.02373 258.335
2 116.711 446.898 329.884
3 116.711 22.5231 264.988
4 116.712 203.463 435.489
5 116.713 240.087 180.906
6 116.713 749.148 295.914
0 117.738 219.712 667.55
1 117.739 -0.927625 268.334
2 117.74 439.166 336.226
3 117.74 21.5809 255.033
4 117.742 211.998 440.701
5 117.743 230.822 184.669
6 117.743 749.138 285.914
0 118.771 229.543 665.722
1 118.772 -0.831521 278.334
2 118.773 431.433 342.567
3 118.774 20.6387 245.077
4 118.774 220.532 445.912
5 118.775 221.557 188.432
6 118.776 749.129 275.914
0 119.811 239.375 663.895
1 119.812 -0.735417 288.333
2 119.813 423.701 348.908
3 119.813 19.6965 235.122
4 119.814 229.067 451.123
5 119.815 212.292 192.194
6 119.815 749.119 265.914
0 120.84 249.207 662.067
1 120.841 -0.639313 298.333
2 120.845 415.969 355.25
3 120.849 18.7543 225.166
4 120.849 237.602 456.334
5 120.852 203.027 195.957
6 120.853 749.109 255.914
0 121.879 259.038 660.24
1 121.88 -0.543209 308.332
2 121.881 408.237 361.591
3 121.881 17.8121 215.211
4 121.882 246.137 461.546
5 121.883 193.762 199.719
6 121.885 749.099 245.914
0 122.917 268.87 658.412
1 122.918 -0.447105 318.332
2 122.919 400.505 367.932
3 122.92 16.87 205.255
4 122.92 254.671 466.757
5 122.921 184.496 203.482
6 122.921 749.089 235.914
0 123.945 278.701 656.585
1 123.946 -0.351001 328.331
2 123.947 392.772 374.274
3 123.947 15.9278 195.3
4 123.948 263.206 471.968
5 123.949 175.231 207.244
6 123.949 749.079 225.914
0 124.973 288.533 654.758
1 124.974 -0.254897 338.331
2 124.975 385.04 380.615
3 124.975 14.9856 185.344
4 124.976 271.741 477.18
5 124.976 165.966 211.007
6 124.977 749.069 215.914
0 126.006 298.365 652.93
1 126.007 -0.158793 348.33
2 126.008 377.308 386.956
3 126.008 14.0434 175.389
4 126.009 280.276 482.391
5 126.01 156.701 214.77
6 126.01 749.059 205.914
0 127.038 308.196 651.103
1 127.039 -0.0626885 358.33
2 127.04 369.576 393.298
3 127.041 13.1012 165.433
4 127.041 288.811 487.602
5 127.042 147.436 218.532
6 127.042 749.049 195.914
0 128.069 318.028 649.275
1 128.07 0.0334155 368.329
2 128.071 361.843 399.639
3 128.072 12.159 155.478
4 128.072 297.345 492.814
5 128.074 138.171 222.295
6 128.075 749.039 185.914
0 129.105 327.859 647.448
1 129.106 0.12952 378.329
2 129.106 354.111 405.98
3 129.107 11.2169 145.522
4 129.108 305.88 498.025
5 129.108 128.905 226.057
6 129.109 749.03 175.914
0 130.135 337.691 645.62
1 130.135 0.225624 388.329
2 130.136 346.379 412.322
3 130.137 10.2747 135.567
4 130.137 314.415 503.236
5 130.138 119.64 229.82
6 130.139 749.02 165.914
0 131.162 347.523 643.793
1 131.163 0.321728 398.328
2 131.164 338.647 418.663
3 131.164 9.33249 125.611
4 131.165 322.95 508.447
5 131.165 110.375 233.583
6 131.166 749.01 155.914
0 132.19 357.354 641.965
1 132.19 0.417832 408.328
2 132.191 330.914 425.004
3 132.192 8.39031 115.656
4 132.192 331.484 513.659
5 132.193 101.11 237.345
6 132.194 749 145.914
0 133.218 367.186 640.138
1 133.219 0.513936 418.327
2 133.219 323.182 431.346
3 133.22 7.44813 105.7
4 133.22 340.019 518.87
5 133.221 91.8449 241.108
0 134.865 377.017 638.31
1 134.866 0.61004 428.327
2 134.868 315.45 437.687
3 134.869 6.50594 95.7446
4 134.87 348.554 524.081
5 134.871 82.5798 244.87
6 134.872 745.168 155.15
0 135.898 386.849 636.483
1 135.898 0.706144 438.326
2 135.899 307.718 444.028
3 135.9 5.56376 85.7891
4 135.9 357.089 529.293
5 135.901 73.3146 248.633
6 135.902 741.336 164.387
0 136.926 396.681 634.655
1 136.926 0.802248 448.326
2 136.927 299.985 450.37
3 136.928 4.62158 75.8335
4 136.928 365.623 534.504
5 136.929 64.0495 252.396
6 136.93 737.505 173.624
0 137.953 406.512 632.828
1 137.954 0.898352 458.325
2 137.954 292.253 456.711
3 137.955 3.67939 65.878
4 137.956 374.158 539.715
5 137.956 54.7843 256.158
6 137.957 733.673 182.861
0 138.981 416.344 631
1 138.981 0.994456 468.325
2 138.982 284.521 463.052
3 138.983 2.73721 55.9225
4 138.983 382.693 544.927
5 138.984 45.5192 259.921
6 138.985 729.841 192.097
0 140.008 426.175 629.173
1 140.009 1.09056 478.324
2 140.01 276.789 469.394
3 140.01 1.79502 45.967
4 140.011 391.228 550.138
5 140.012 36.254 263.683
6 140.012 726.01 201.334
0 141.038 436.007 627.345
1 141.038 1.18666 488.324
2 141.039 269.057 475.735
3 141.04 0.852841 36.0115
4 141.045 399.763 555.349
5 141.046 26.9889 267.446
6 141.047 722.178 210.571
0 142.079 445.839 625.518
1 142.079 1.28277 498.323
2 142.081 261.324 482.076
3 142.082 -0.0893423 26.056
4 142.083 408.297 560.56
5 142.083 17.7237 271.208
6 142.084 718.346 219.808
0 143.121 455.67 623.691
1 143.123 1.37887 508.323
2 143.125 253.592 488.418
4 143.805 416.832 565.772
5 143.805 8.4586 274.971
6 143.806 714.514 229.045
0 144.83 465.502 621.863
1 144.831 1.47498 518.323
2 144.831 245.86 494.759
3 144.832 8.78973 30.6562
4 144.833 425.367 570.983
5 144.833 -0.806549 278.734
6 144.834 710.683 238.281
0 145.863 475.333 620.036
1 145.864 1.57108 528.322
2 145.865 238.128 501.1
3 145.866 17.6688 35.2564
4 145.867 433.902 576.194
6 146.427 706.851 247.518
0 147.449 485.165 618.208
1 147.45 1.66718 538.322
2 147.451 230.395 507.442
3 147.451 26.5479 39.8567
4 147.452 442.436 581.406
5 147.453 7.72601 283.949
6 147.453 703.019 256.755
0 148.478 494.997 616.381
1 148.48 1.76329 548.321
2 148.481 222.663 513.783
3 148.482 35.4269 44.4569
4 148.483 450.971 586.617
5 148.484 16.2586 289.163
6 148.485 699.187 265.992
0 149.51 504.828 614.553
1 149.511 1.85939 558.321
2 149.512 214.931 520.124
3 149.513 44.306 49.0571
4 149.514 459.506 591.828
5 149.515 24.7911 294.378
6 149.515 695.356 275.228
0 150.54 514.66 612.726
1 150.541 1.9555 568.32
2 150.542 207.199 526.466
3 150.544 53.1851 53.6573
4 150.545 468.041 597.04
5 150.546 33.3237 299.593
6 150.547 691.524 284.465
0 151.574 524.491 610.898
1 151.575 2.0516 578.32
2 151.576 199.466 532.807
3 151.578 62.0642 58.2576
4 151.579 476.576 602.251
5 151.58 41.8562 304.808
6 151.582 687.692 293.702
0 152.62 534.323 609.071
1 152.621 2.1477 588.319
2 152.622 191.734 539.148
3 152.622 70.9432 62.8578
4 152.623 485.11 607.462
5 152.624 50.3888 310.023
6 152.624 683.86 302.939
0 153.648 544.155 607.243
1 153.65 2.24381 598.319
2 153.651 184.002 545.49
3 153.652 79.8223 67.458
4 153.654 493.645 612.673
5 153.654 58.9214 315.238
6 153.655 680.029 312.175
0 154.679 553.986 605.416
1 154.68 2.33991 608.318
2 154.68 176.27 551.831
3 154.681 88.7014 72.0582
4 154.682 502.18 617.885
5 154.682 67.4539 320.453
6 154.683 676.197 321.412
0 155.706 563.818 603.588
1 155.707 2.43602 618.318
2 155.708 168.537 558.172
3 155.709 97.5804 76.6585
4 155.71 510.715 623.096
5 155.711 75.9865 325.668
6 155.712 672.365 330.649
0 156.735 573.649 601.761
1 156.736 2.53212 628.317
2 156.737 160.805 564.514
3 156.737 106.46 81.2587
4 156.738 519.249 628.307
5 156.738 84.519 330.883
6 156.739 668.534 339.886
0 157.765 583.481 599.933
1 157.766 2.62822 638.317
2 157.767 153.073 570.855
3 157.769 115.339 85.8589
4 157.77 527.784 633.519
5 157.771 93.0516 336.098
6 157.772 664.702 349.122
0 158.803 593.313 598.106
1 158.804 2.72433 648.317
2 158.805 145.341 577.196
3 158.805 124.218 90.4591
4 158.806 536.319 638.73
5 158.807 101.584 341.313
6 158.807 660.87 358.359
0 159.832 603.144 596.278
1 159.833 2.82043 658.316
2 159.834 137.609 583.538
3 159.835 133.097 95.0594
4 159.836 544.854 643.941
5 159.837 110.117 346.528
6 159.838 657.038 367.596
0 160.864 612.976 594.451
1 160.864 2.91654 668.316
2 160.865 129.876 589.879
3 160.866 141.976 99.6596
4 160.866 553.389 649.152
5 160.867 118.649 351.743
6 160.868 653.207 376.833
0 161.892 622.807 592.624
1 161.892 3.01264 678.315
2 161.893 122.144 596.22
3 161.894 150.855 104.26
4 161.894 561.923 654.364
5 161.895 127.182 356.958
6 161.895 649.375 386.07
0 162.918 632.639 590.796
2 163.49 114.412 602.562
3 163.491 159.734 108.86
4 163.491 570.458 659.575
5 163.492 135.714 362.172
6 163.493 645.543 395.306
0 164.516 642.471 588.969
1 164.517 12.8481 676.509
2 164.518 106.68 608.903
3 164.518 168.613 113.46
4 164.519 578.993 664.786
5 164.519 144.247 367.387
6 164.52 641.711 404.543
0 165.546 652.302 587.141
1 165.547 22.6837 674.703
3 166.01 177.492 118.061
4 166.011 587.528 669.998
5 166.011 152.78 372.602
6 166.012 637.88 413.78
0 167.035 662.134 585.314
1 167.036 32.5192 672.896
2 167.037 104.764 599.088
3 167.037 186.371 122.661
4 167.038 596.062 675.209
5 167.039 161.312 377.817
6 167.039 634.048 423.017
0 168.063 671.965 583.486
1 168.064 42.3547 671.09
2 168.065 102.848 589.273
3 168.065 195.25 127.261
4 168.066 604.597 680.42
5 168.066 169.845 383.032
6 168.067 630.216 432.253
0 169.094 681.797 581.659
1 169.096 52.1902 669.284
2 169.097 100.932 579.459
3 169.099 204.129 131.861
4 169.1 613.132 685.632
5 169.102 178.377 388.247
6 169.103 626.385 441.49
0 170.141 691.629 579.831
1 170.142 62.0257 667.477
2 170.142 99.0166 569.644
3 170.143 213.008 136.461
4 170.143 621.667 690.843
5 170.144 186.91 393.462
6 170.145 622.553 450.727
0 171.171 701.46 578.004
1 171.172 71.8612 665.671
2 171.174 97.1009 559.829
3 171.175 221.887 141.062
4 171.176 630.201 696.054
5 171.178 195.442 398.677
6 171.179 618.721 459.964
0 172.217 711.292 576.176
1 172.218 81.6967 663.865
2 172.218 95.1851 550.014
3 172.219 230.767 145.662
4 172.22 638.736 701.265
5 172.22 203.975 403.892
6 172.221 614.889 469.2
0 173.247 721.123 574.349
1 173.248 91.5322 662.058
2 173.249 93.2694 540.2
3 173.249 239.646 150.262
4 173.25 647.271 706.477
5 173.25 212.507 409.107
6 173.251 611.058 478.437
1 174.691 101.368 660.252
2 174.691 91.3536 530.385
4 175.062 655.806 711.688
5 175.063 221.04 414.322
6 175.063 607.226 487.674
0 176.085 721.187 564.349
1 176.086 111.203 658.446
2 176.087 89.4379 520.57
3 176.087 230.402 154.077
4 176.088 664.341 716.899
5 176.089 229.573 419.537
6 176.089 603.394 496.911
0 177.113 721.25 554.349
1 177.113 121.039 656.639
2 177.114 87.5221 510.755
3 177.115 221.158 157.891
4 177.115 672.875 722.111
5 177.116 238.105 424.752
6 177.116 599.562 506.148
0 178.14 721.313 544.349
1 178.141 130.874 654.833
2 178.143 85.6064 500.94
3 178.144 211.914 161.706
4 178.145 681.41 727.322
5 178.146 246.638 429.966
6 178.147 595.731 515.384
0 179.171 721.377 534.35
1 179.171 140.71 653.027
2 179.172 83.6906 491.126
3 179.172 202.67 165.521
4 179.173 689.945 732.533
5 179.174 255.17 435.181
6 179.174 591.899 524.621
0 180.199 721.44 524.35
1 180.201 150.545 651.221
2 180.202 81.7749 481.311
3 180.203 193.427 169.336
4 180.204 698.48 737.745
5 180.205 263.703 440.396
6 180.205 588.067 533.858
0 181.232 721.503 514.35
1 181.234 160.381 649.414
2 181.236 79.8591 471.496
3 181.237 184.183 173.15
4 181.239 707.014 742.956
5 181.24 272.235 445.611
6 181.241 584.235 543.095
0 182.284 721.567 504.35
1 182.285 170.216 647.608
2 182.286 77.9434 461.681
3 182.286 174.939 176.965
4 182.287 715.549 748.167
5 182.287 280.768 450.826
6 182.288 580.404 552.331
0 183.311 721.63 494.35
1 183.312 180.052 645.802
2 183.312 76.0276 451.867
3 183.313 165.695 180.78
5 183.81 289.3 456.041
6 183.81 576.572 561.568
0 184.831 721.693 484.351
1 184.832 189.887 643.995
2 184.833 74.1119 442.052
3 184.834 156.451 184.594
4 184.835 705.549 748.179
5 184.836 297.833 461.256
6 184.837 572.74 570.805
0 185.876 721.757 474.351
1 185.877 199.723 642.189
2 185.878 72.1961 432.237
3 185.878 147.207 188.409
4 185.879 695.549 748.191
5 185.88 306.366 466.471
0 187.253 721.82 464.351
1 187.254 209.558 640.383
2 187.254 70.2804 422.422
3 187.255 137.964 192.224
4 187.256 685.549 748.202
5 187.256 314.898 471.686
6 187.257 563.998 565.949
0 188.279 721.883 454.351
1 188.279 219.394 638.576
2 188.28 68.3646 412.607
3 188.281 128.72 196.038
4 188.281 675.549 748.214
5 188.282 323.431 476.901
6 188.283 555.256 561.093
0 189.306 721.947 444.351
1 189.307 229.229 636.77
2 189.307 66.4489 402.793
3 189.308 119.476 199.853
4 189.308 665.549 748.226
5 189.309 331.963 482.116
6 189.31 546.514 556.238
0 190.333 722.01 434.352
1 190.335 239.065 634.964
2 190.336 64.5331 392.978
3 190.337 110.232 203.668
4 190.338 655.549 748.237
5 190.339 340.496 487.331
6 190.339 537.772 551.382
0 191.362 722.073 424.352
1 191.363 248.9 633.157
2 191.364 62.6174 383.163
3 191.364 100.988 207.482
4 191.365 645.549 748.249
5 191.366 349.028 492.546
6 191.366 529.03 546.526
0 192.394 722.137 414.352
1 192.394 258.736 631.351
3 192.835 91.7445 211.297
4 192.835 635.549 748.261
5 192.836 357.561 497.76
6 192.837 520.288 541.671
0 193.861 722.2 404.352
1 193.862 268.571 629.545
2 193.863 71.3245 378.245
3 193.863 82.5007 215.112
4 193.864 625.549 748.272
5 193.865 366.093 502.975
6 193.865 511.547 536.815
0 194.888 722.263 394.352
1 194.889 278.407 627.738
2 194.89 80.0316 373.327
3 194.89 73.2569 218.926
4 194.891 615.549 748.284
5 194.891 374.626 508.19
6 194.892 502.805 531.959
0 195.915 722.327 384.353
1 195.915 288.242 625.932
2 195.916 88.7387 368.409
3 195.917 64.0131 222.741
4 195.917 605.549 748.296
5 195.918 383.159 513.405
6 195.918 494.063 527.103
0 196.941 722.39 374.353
1 196.942 298.078 624.126
2 196.942 97.4459 363.491
3 196.943 54.7692 226.556
4 196.944 595.549 748.307
5 196.944 391.691 518.62
6 196.945 485.321 522.248
0 197.968 722.453 364.353
1 197.969 307.913 622.32
2 197.969 106.153 358.573
3 197.97 45.5254 230.37
4 197.97 585.549 748.319
5 197.971 400.224 523.835
6 197.972 476.579 517.392
0 198.994 722.516 354.353
1 198.995 317.749 620.513
2 198.996 114.86 353.655
4 199.285 575.549 748.331
5 199.286 408.756 529.05
6 199.286 467.837 512.536
0 200.313 722.58 344.353
1 200.314 327.584 618.707
2 200.316 123.567 348.737
3 200.317 44.5558 220.418
4 200.319 565.549 748.342
5 200.32 417.289 534.265
6 200.321 459.095 507.681
0 201.359 722.643 334.354
1 201.36 337.42 616.901
2 201.361 132.274 343.82
3 201.361 43.5863 210.465
4 201.362 555.549 748.354
5 201.363 425.821 539.48
6 201.363 450.353 502.825
0 202.389 722.706 324.354
1 202.39 347.255 615.094
2 202.391 140.981 338.902
3 202.392 42.6167 200.512
4 202.394 545.549 748.366
5 202.395 434.354 544.695
6 202.396 441.611 497.969
0 203.418 722.77 314.354
1 203.419 357.091 613.288
2 203.42 149.689 333.984
3 203.421 41.6471 190.559
4 203.422 535.549 748.378
5 203.423 442.887 549.91
6 203.424 432.869 493.113
0 204.447 722.833 304.354
1 204.448 366.926 611.482
2 204.448 158.396 329.066
3 204.449 40.6775 180.606
4 204.449 525.549 748.389
5 204.45 451.419 555.125
6 204.451 424.127 488.258
0 205.473 722.896 294.354
1 205.474 376.762 609.675
2 205.475 167.103 324.148
3 205.475 39.7079 170.653
4 205.476 515.549 748.401
5 205.477 459.952 560.34
6 205.477 415.385 483.402
0 206.5 722.96 284.355
1 206.5 386.597 607.869
2 206.501 175.81 319.23
3 206.502 38.7383 160.7
4 206.502 505.549 748.413
5 206.503 468.484 565.554
6 206.504 406.643 478.546
0 207.526 723.023 274.355
1 207.527 396.433 606.063
2 207.528 184.517 314.312
3 207.528 37.7688 150.747
4 207.529 495.549 748.424
5 207.53 477.017 570.769
6 207.53 397.901 473.691
1 208.84 406.269 604.256
2 208.841 193.224 309.394
3 208.842 36.7992 140.795
4 208.842 485.549 748.436
5 208.843 485.549 575.984
6 208.844 389.159 468.835
0 209.869 719.208 283.598
1 209.87 416.104 602.45
2 209.87 201.931 304.476
3 209.871 35.8296 130.842
4 209.872 475.549 748.448
5 209.872 494.082 581.199
6 209.873 380.417 463.979
0 210.896 715.393 292.842
1 210.897 425.94 600.644
2 210.897 210.638 299.558
3 210.898 34.86 120.889
4 210.898 465.549 748.459
5 210.899 502.614 586.414
6 210.9 371.675 459.123
0 211.922 711.578 302.086
2 212.154 219.345 294.64
3 212.155 33.8904 110.936
4 212.155 455.549 748.471
5 212.156 511.147 591.629
6 212.156 362.933 454.268
0 213.179 707.762 311.329
1 213.18 431.699 592.469
2 213.181 228.053 289.722
3 213.181 32.9209 100.983
4 213.182 445.549 748.483
5 213.183 519.68 596.844
6 213.183 354.191 449.412
0 214.206 703.947 320.573
1 214.207 437.459 584.295
2 214.208 236.76 284.804
3 214.208 31.9513 91.0301
4 214.209 435.549 748.494
5 214.209 528.212 602.059
6 214.21 345.449 444.556
0 215.234 700.132 329.817
1 215.235 443.219 576.12
2 215.236 245.467 279.886
3 215.236 30.9817 81.0772
4 215.237 425.549 748.506
5 215.238 536.745 607.274
6 215.238 336.707 439.701
0 216.261 696.317 339.06
1 216.261 448.979 567.945
2 216.262 254.174 274.968
3 216.263 30.0121 71.1243
4 216.263 415.549 748.518
5 216.264 545.277 612.489
6 216.264 327.965 434.845
0 217.308 692.502 348.304
1 217.308 454.739 559.771
2 217.309 262.881 270.05
4 217.587 405.549 748.529
5 217.587 553.81 617.704
6 217.588 319.223 429.989
0 218.609 688.687 357.547
1 218.61 460.499 551.596
2 218.611 271.588 265.132
3 218.612 39.9918 70.4878
4 218.612 395.549 748.541
5 218.613 562.342 622.919
6 218.613 310.481 425.133
0 219.636 684.871 366.791
1 219.637 466.259 543.422
2 219.638 280.295 260.215
3 219.638 49.9716 69.8513
4 219.639 385.549 748.553
5 219.639 570.875 628.134
6 219.64 301.739 420.278
0 220.662 681.056 376.035
1 220.663 472.018 535.247
2 220.664 289.002 255.297
3 220.665 59.9513 69.2148
4 220.665 375.549 748.565
5 220.666 579.407 633.349
6 220.667 292.997 415.422
0 221.689 677.241 385.278
1 221.69 477.778 527.072
2 221.69 297.71 250.379
3 221.691 69.931 68.5783
4 221.692 365.549 748.576
5 221.692 587.94 638.563
6 221.693 284.255 410.566
0 222.715 673.426 394.522
1 222.716 483.538 518.898
2 222.717 306.417 245.461
3 222.717 79.9107 67.9418
4 222.718 355.549 748.588
5 222.719 596.473 643.778
6 222.72 275.513 405.71
0 223.742 669.611 403.766
1 223.743 489.298 510.723
2 223.744 315.124 240.543
3 223.744 89.8904 67.3052
4 223.745 345.549 748.6
5 223.746 605.005 648.993
6 223.746 266.771 400.855
0 224.769 665.796 413.009
1 224.77 495.058 502.549
2 224.77 323.831 235.625
3 224.771 99.8702 66.6687
4 224.772 335.549 748.611
5 224.772 613.538 654.208
6 224.773 258.029 395.999
0 225.89 658.165 431.496
1 225.89 500.818 494.374
2 225.891 332.538 230.707
3 225.892 109.85 66.0322
4 225.892 325.55 748.623
5 225.893 622.07 659.423
6 225.893 249.287 391.143
0 226.907 654.35 440.74
1 226.908 506.578 486.2
2 226.908 341.245 225.789
3 226.909 119.83 65.3957
4 226.91 315.55 748.635
5 226.91 630.603 664.638
6 226.911 240.545 386.288
0 227.924 650.535 449.984
1 227.924 512.338 478.025
2 227.925 349.952 220.871
3 227.926 129.809 64.7592
4 227.926 305.55 748.646
5 227.927 639.135 669.853
6 227.927 231.804 381.432
0 228.941 646.72 459.227
1 228.941 518.097 469.85
2 228.942 358.659 215.953
3 228.943 139.789 64.1227
4 228.943 295.55 748.658
5 228.944 647.668 675.068
6 228.945 223.062 376.576
0 229.958 642.905 468.471
1 229.959 523.857 461.676
2 229.96 367.366 211.035
3 229.961 149.769 63.4861
4 229.961 285.55 748.67
5 229.962 656.2 680.283
6 229.962 214.32 371.72
0 230.976 639.089 477.714
1 230.977 529.617 453.501
2 230.977 376.074 206.117
3 230.978 159.748 62.8496
4 230.978 275.55 748.681
5 230.979 664.733 685.498
6 230.98 205.578 366.865
0 231.993 635.274 486.958
1 231.993 535.377 445.327
2 231.994 384.781 201.199
3 231.995 169.728 62.2131
4 231.995 265.55 748.693
5 231.996 673.266 690.713
6 231.997 196.836 362.009
0 233.01 631.459 496.202
1 233.01 541.137 437.152
2 233.011 393.488 196.281
3 233.012 179.708 61.5766
4 233.012 255.55 748.705
5 233.013 681.798 695.928
6 233.014 188.094 357.153
0 234.027 627.644 505.445
1 234.028 546.897 428.977
2 234.029 402.195 191.363
3 234.029 189.688 60.9401
4 234.03 245.55 748.716
5 234.03 690.331 701.143
6 234.031 179.352 352.298
0 235.044 623.829 514.689
1 235.044 552.657 420.803
2 235.045 410.902 186.445
3 235.046 199.667 60.3036
4 235.046 235.55 748.728
5 235.047 698.863 706.357
6 235.048 170.61 347.442
0 236.063 620.014 523.933
1 236.064 558.416 412.628
2 236.068 419.609 181.528
3 236.069 209.647 59.667
4 236.07 225.55 748.74
5 236.07 707.396 711.572
6 236.071 161.868 342.586
0 237.088 616.198 533.176
1 237.089 564.176 404.454
2 237.091 428.316 176.61
3 237.092 219.627 59.0305
4 237.093 215.55 748.752
5 237.094 715.928 716.787
6 237.095 153.126 337.73
0 238.108 612.383 542.42
1 238.108 569.936 396.279
2 238.109 437.023 171.692
3 238.11 229.607 58.394
4 238.11 205.55 748.763
5 238.111 724.461 722.002
6 238.112 144.384 332.875
0 239.127 608.568 551.663
1 239.128 575.696 388.104
2 239.129 445.73 166.774
3 239.13 239.586 57.7575
4 239.131 195.55 748.775
5 239.131 732.994 727.217
6 239.132 135.642 328.019
0 240.149 604.753 560.907
1 240.15 581.456 379.93
2 240.151 454.438 161.856
3 240.152 249.566 57.121
4 240.152 185.55 748.787
5 240.153 741.526 732.432
6 240.153 126.9 323.163
0 241.169 600.938 570.151
1 241.17 587.216 371.755
2 241.171 463.145 156.938
3 241.173 259.546 56.4845
4 241.174 175.55 748.798
5 241.175 750.059 737.647
6 241.175 118.158 318.308
1 242.192 592.976 363.581
2 242.192 471.852 152.02
3 242.193 269.525 55.848
4 242.194 165.55 748.81
6 242.194 109.416 313.452
0 243.208 610.504 567.239
1 243.209 598.736 355.406
2 243.209 480.559 147.102
3 243.21 279.505 55.2114
4 243.21 155.55 748.822
5 243.211 748.234 727.815
6 243.212 100.674 308.596
0 244.227 620.071 564.327
1 244.228 604.495 347.232
2 244.229 489.266 142.184
3 244.229 289.485 54.5749
4 244.23 145.55 748.833
5 244.23 746.409 717.983
6 244.231 91.932 303.74
0 245.245 629.638 561.415
1 245.246 610.255 339.057
2 245.246 497.973 137.266
3 245.247 299.465 53.9384
4 245.247 135.55 748.845
5 245.248 744.585 708.151
2 246.262 506.68 132.348
3 246.262 309.444 53.3019
4 246.263 125.55 748.857
6 246.264 101.779 301.997
0 247.277 639.585 560.387
1 247.278 602.221 333.103
2 247.278 515.387 127.43
3 247.279 319.424 52.6654
4 247.28 115.55 748.868
5 247.28 740.759 698.911
6 247.281 111.626 300.253
0 248.294 649.532 559.358
1 248.295 594.187 327.149
2 248.296 524.095 122.512
3 248.297 329.404 52.0289
4 248.299 105.55 748.88
5 248.3 736.934 689.672
6 248.301 121.473 298.51
1 249.314 586.153 321.194
2 249.315 532.802 117.594
3 249.316 339.383 51.3923
4 249.316 95.5497 748.892
5 249.317 733.109 680.432
6 249.317 131.319 296.766
0 250.331 658.198 554.369
1 250.332 578.119 315.24
2 250.332 541.509 112.676
3 250.333 349.363 50.7558
4 250.333 85.5497 748.904
0 251.347 666.865 549.38
1 251.348 570.085 309.286
2 251.349 550.216 107.758
3 251.349 359.343 50.1193
4 251.35 75.5497 748.915
5 251.35 723.553 677.486
6 251.351 141.294 296.053
2 252.365 558.923 102.84
3 252.366 369.323 49.4828
4 252.366 65.5497 748.927
5 252.367 713.996 674.54
6 252.368 151.268 295.339
0 253.381 663.448 539.982
1 253.382 572.933 299.7
2 253.383 567.63 97.9225
3 253.384 379.302 48.8463
4 253.385 55.5497 748.939
5 253.386 704.44 671.594
0 254.402 660.031 530.584
1 254.403 575.782 290.115
2 254.404 576.337 93.0046
3 254.404 389.282 48.2098
4 254.405 45.5497 748.95
6 254.405 160.134 290.713
0 255.418 656.613 521.186
1 255.419 578.63 280.529
2 255.42 585.044 88.0866
3 255.42 399.262 47.5732
4 255.421 35.5497 748.962
5 255.422 699.617 662.834
6 255.422 169 286.087
1 256.435 581.479 270.943
2 256.436 593.751 83.1687
3 256.437 409.242 46.9367
4 256.438 25.5497 748.974
5 256.438 694.794 654.074
0 257.451 662.675 513.233
1 257.452 584.328 261.358
2 257.453 602.459 78.2508
3 257.453 419.221 46.3002
4 257.454 15.5497 748.985
5 257.455 689.971 645.314
6 257.455 178.219 282.212
0 258.468 668.737 505.28
1 258.469 587.176 251.772
2 258.47 611.166 73.3328
3 258.47 429.201 45.6637
4 258.471 5.54972 748.997
6 258.472 187.438 278.338
0 259.485 674.8 497.327
2 259.486 619.873 68.4149
3 259.486 439.181 45.0272
5 259.487 679.98 645.736
6 259.488 196.656 274.463
1 260.501 597.176 251.864
2 260.501 628.58 63.4969
3 260.502 449.16 44.3907
4 260.503 14.276 744.113
5 260.504 669.989 646.157
0 261.524 683.732 501.824
1 261.526 607.175 251.956
2 261.527 637.287 58.579
3 261.529 459.14 43.7541
4 261.53 23.0023 739.229
5 261.532 659.997 646.578
6 261.533 200.294 283.778
0 262.554 692.664 506.32
2 262.554 645.994 53.6611
3 262.555 469.12 43.1176
4 262.556 31.7285 734.345
5 262.556 650.006 647
6 262.557 203.931 293.093
1 263.574 616.26 256.136
2 263.576 654.701 48.7431
3 263.577 479.1 42.4811
4 263.578 40.4548 729.462
6 263.58 207.569 302.408
0 264.602 690.337 516.046
1 264.604 625.344 260.317
2 264.606 663.408 43.8252
3 264.607 489.079 41.8446
4 264.609 49.1811 724.578
5 264.61 644.193 655.137
6 264.612 211.206 311.723
0 265.634 688.011 525.772
2 265.635 672.116 38.9072
3 265.636 499.059 41.2081
5 265.637 638.38 663.274
6 265.638 214.843 321.038
1 266.654 629.653 251.293
2 266.655 680.823 33.9893
3 266.655 509.039 40.5716
4 266.656 58.8716 722.109
5 266.657 632.568 671.411
0 267.67 689.704 535.627
1 267.671 633.961 242.269
2 267.672 689.53 29.0714
3 267.672 519.018 39.935
4 267.673 68.562 719.64
5 267.674 626.755 679.548
6 267.674 224.3 324.29
0 268.687 691.396 545.483
2 268.688 698.237 24.1534
4 268.688 78.2525 717.171
5 268.689 620.942 687.685
6 268.69 233.757 327.541
1 269.703 643.026 238.046
2 269.704 706.944 19.2355
3 269.704 519.399 49.9278
5 269.705 615.129 695.822
0 270.72 691.937 535.498
1 270.722 652.09 233.822
2 270.724 715.651 14.3175
3 270.726 519.779 59.9206
4 270.727 72.7695 708.809
5 270.728 609.316 703.958
6 270.729 239.383 335.808
0 271.746 692.479 525.513
2 271.748 724.358 9.3996
3 271.748 520.159 69.9133
4 271.749 67.2865 700.446
5 271.75 603.503 712.095
6 271.75 245.009 344.075
0 272.765 693.02 515.527
1 272.766 654.772 224.188
2 272.768 733.065 4.48166
3 272.769 520.54 79.9061
4 272.77 61.8035 692.083
0 273.786 693.561 505.542
1 273.787 657.454 214.555
2 273.788 741.772 -0.436281
3 273.788 520.92 89.8989
4 273.789 56.3204 683.72
5 273.79 612.585 716.28
6 273.79 251.24 336.253
0 274.807 694.103 495.557
1 274.808 660.136 204.921
4 274.809 50.8374 675.357
5 274.81 621.668 720.465
6 274.811 257.47 328.431
0 275.823 694.644 485.571
2 275.824 744.242 9.25399
3 275.825 513.036 96.05
4 275.826 45.3544 666.995
6 275.826 263.701 320.609
0 276.84 695.185 475.586
1 276.84 664.419 195.885
2 276.841 746.712 18.9443
3 276.842 505.151 102.201
4 276.842 39.8714 658.632
5 276.843 611.668 720.356
1 277.858 668.702 186.848
2 277.859 749.181 28.6345
3 277.86 497.267 108.352
4 277.86 34.3884 650.269
5 277.861 601.669 720.247
6 277.862 269.661 312.58
0 278.875 685.643 472.593
1 278.875 672.985 177.812
4 278.876 28.9054 641.906
5 278.877 591.67 720.138
6 278.878 275.622 304.551
0 279.89 676.102 469.6
2 279.891 745.876 38.0727
3 279.892 489.317 102.286
5 279.893 581.67 720.029
6 279.893 281.582 296.521
0 280.907 666.56 466.607
1 280.908 665.214 184.105
2 280.908 742.572 47.5109
3 280.909 481.366 96.2206
4 280.91 28.928 631.906
1 281.92 657.442 190.398
3 281.921 473.416 90.1548
4 281.922 28.9505 621.906
5 281.922 572.327 716.465
6 281.923 288.24 289.06
0 282.936 672.841 458.826
1 282.937 649.67 196.691
2 282.938 735.897 54.9575
3 282.938 465.466 84.089
4 282.939 28.9731 611.906
5 282.939 562.983 712.901
6 282.94 294.898 281.598
0 283.954 679.122 451.044
1 283.955 641.899 202.984
2 283.956 729.223 62.4041
3 283.956 457.516 78.0232
4 283.957 28.9957 601.906
5 283.958 553.64 709.337
6 283.958 301.555 274.136
0 284.982 685.402 443.263
1 284.983 634.127 209.277
3 284.984 449.565 71.9574
2 286.002 719.845 65.8754
4 286.003 35.181 594.049
5 286.004 557.848 700.265
6 286.004 302.807 284.058
0 287.017 689.7 434.234
1 287.018 625.923 214.995
2 287.019 710.467 69.3467
3 287.019 439.591 71.2491
4 287.02 41.3662 586.191
5 287.021 562.055 691.193
6 287.021 304.059 293.979
0 288.038 693.999 425.204
1 288.04 617.718 220.712
3 288.042 429.616 70.5408
4 288.044 47.5515 578.333
6 288.045 305.31 303.9
1 289.066 609.514 226.429
2 289.067 701.176 65.6464
3 289.068 419.641 69.8325
4 289.068 53.7368 570.476
5 289.069 552.766 687.489
6 289.07 306.562 313.822
0 290.083 684.06 426.31
2 290.084 691.886 61.9462
4 290.084 59.922 562.618
5 290.085 543.478 683.785
6 290.086 307.814 323.743
0 291.099 674.121 427.416
1 291.1 601.688 220.204
2 291.101 682.596 58.2459
3 291.102 412.285 76.6069
4 291.102 66.1073 554.76
6 291.103 309.065 333.664
0 292.117 664.183 428.522
1 292.118 593.862 213.979
3 292.119 404.929 83.3813
4 292.119 72.2926 546.903
5 292.12 536.666 676.464
6 292.121 310.317 343.586
0 293.134 654.244 429.627
1 293.135 586.035 207.754
2 293.135 676.769 66.3731
3 293.136 397.573 90.1557
4 293.137 78.4778 539.045
5 293.137 529.854 669.143
6 293.138 311.569 353.507
0 294.151 644.305 430.733
1 294.152 578.209 201.529
2 294.152 670.943 74.5003
4 294.153 84.6631 531.187
5 294.154 523.043 661.821
0 295.166 634.367 431.839
1 295.167 570.383 195.304
2 295.168 665.116 82.6275
3 295.169 389.861 83.7901
4 295.169 90.8484 523.33
6 295.17 316.755 362.057
0 296.183 624.428 432.945
3 296.184 382.149 77.4245
4 296.185 97.0336 515.472
5 296.185 514.388 666.831
6 296.186 321.942 370.607
0 297.201 614.489 434.05
1 297.203 561.62 190.487
2 297.204 655.264 84.3426
3 297.205 374.437 71.0589
4 297.206 103.219 507.615
5 297.207 505.733 671.84
0 298.226 604.55 435.156
1 298.228 552.856 185.67
2 298.229 645.413 86.0577
4 298.23 109.404 499.757
6 298.232 322.394 380.597
0 299.248 594.612 436.262
1 299.249 544.093 180.852
2 299.25 635.561 87.7728
3 299.251 364.555 72.59
5 299.251 501.374 680.84
6 299.252 322.846 390.586
0 300.265 584.673 437.368
3 300.266 354.673 74.1211
4 300.266 114.704 491.277
5 300.267 497.015 689.84
0 301.28 574.734 438.473
1 301.28 535.917 186.609
2 301.281 635.08 97.7613
3 301.282 344.79 75.6522
4 301.282 120.003 482.796
6 301.283 314.23 385.51
1 302.296 527.74 192.367
2 302.297 634.6 107.75
4 302.297 125.302 474.316
5 302.298 490.847 697.711
6 302.299 305.614 380.433
0 303.312 567.624 445.505
2 303.313 634.119 117.738
3 303.314 339.651 84.2304
5 303.314 484.679 705.582
6 303.315 296.999 375.356
0 304.328 560.514 452.536
1 304.329 522.006 200.559
2 304.329 633.639 127.727
3 304.33 334.511 92.8086
4 304.33 121.597 465.028
0 305.344 553.403 459.568
1 305.345 516.273 208.752
2 305.345 633.158 137.715
4 305.346 117.891 455.74
5 305.347 493.212 710.796
6 305.347 302.587 367.064
3 306.361 328.225 100.586
4 306.361 114.185 446.452
5 306.362 501.744 716.011
6 306.362 308.176 358.771
0 307.375 548.101 468.046
1 307.376 524.882 213.84
2 307.377 624.169 142.096
3 307.377 321.939 108.363
6 307.378 313.765 350.478
0 308.395 542.799 476.525
1 308.397 533.491 218.927
2 308.398 615.179 146.476
4 308.4 124.17 445.89
5 308.401 511.736 716.418
6 308.402 319.353 342.186
0 309.419 537.496 485.003
2 309.42 606.19 150.857
3 309.42 312.979 103.924
4 309.421 134.154 445.329
5 309.422 521.728 716.826
6 309.422 324.942 333.893
1 310.435 535.135 228.791
3 310.436 304.018 99.4856
4 310.436 144.138 444.767
6 310.437 330.53 325.6
0 311.45 533.679 494.246
1 311.451 536.778 238.655
2 311.451 602.009 159.941
3 311.452 295.057 95.0467
5 311.453 511.732 716.525
6 311.453 336.119 317.308
0 312.466 529.863 503.489
1 312.467 538.422 248.519
2 312.467 597.829 169.025
4 312.468 148.351 453.837
5 312.469 501.737 716.225
1 313.482 540.065 258.383
3 313.482 286.281 90.2534
4 313.483 152.563 462.906
5 313.484 491.741 715.924
6 313.484 346.115 317.586
0 314.497 520.325 500.484
1 314.498 541.709 268.247
2 314.499 588.389 165.727
3 314.499 277.504 85.46
5 314.5 481.746 715.624
6 314.5 356.111 317.864
0 315.513 510.787 497.48
1 315.514 543.352 278.111
2 315.515 578.948 162.428
3 315.515 268.728 80.6667
4 315.516 159.108 470.467
5 315.517 471.75 715.323
0 316.531 501.249 494.475
2 316.533 569.508 159.129
4 316.534 165.653 478.028
5 316.536 461.755 715.023
6 316.538 356.455 307.87
0 317.554 491.711 491.47
1 317.556 536.587 285.475
3 317.557 258.729 80.7869
4 317.559 172.197 485.589
6 317.56 356.798 297.876
0 318.579 482.173 488.465
1 318.58 529.822 292.84
2 318.58 560.023 162.296
3 318.581 248.729 80.9071
4 318.582 178.742 493.15
5 318.582 453.175 709.887
6 318.583 357.142 287.882
0 319.596 472.635 485.46
1 319.596 523.057 300.204
2 319.597 550.538 165.463
3 319.598 238.73 81.0273
4 319.598 185.287 500.71
5 319.599 444.595 704.75
2 320.612 541.052 168.63
4 320.613 191.832 508.271
5 320.614 436.014 699.614
6 320.615 364.013 280.616
0 321.628 475.994 476.041
1 321.628 532.03 304.619
2 321.629 531.567 171.796
3 321.63 231.786 88.2234
6 321.631 370.884 273.351
0 322.643 479.352 466.622
1 322.644 541.002 309.033
2 322.645 522.082 174.963
3 322.645 224.842 95.4194
4 322.646 199.321 501.644
5 322.646 427.17 694.948
6 322.647 377.756 266.086
2 323.66 512.596 178.13
3 323.661 217.899 102.616
4 323.661 206.809 495.017
5 323.662 418.325 690.282
0 324.675 484.69 458.166
1 324.676 534.995 317.028
2 324.676 503.111 181.297
3 324.677 210.955 109.812
4 324.677 214.298 488.391
6 324.678 387.222 269.309
0 325.691 490.027 449.709
1 325.692 528.988 325.023
3 325.692 204.011 117.008
5 325.693 409.31 694.61
6 325.694 396.689 272.532
0 326.706 495.365 441.253
2 326.707 495.385 187.645
3 326.708 197.067 124.204
4 326.709 218.849 497.295
5 326.709 400.295 698.938
1 327.725 519.542 321.743
2 327.726 487.658 193.994
3 327.728 190.123 131.4
4 327.73 223.399 506.2
6 327.732 401.947 264.026
0 328.754 486.432 436.758
1 328.755 510.095 318.463
3 328.757 183.18 138.596
4 328.758 227.949 515.105
5 328.76 398.538 708.782
6 328.761 407.205 255.52
0 329.779 477.499 432.264
1 329.78 500.648 315.183
2 329.781 480.533 201.01
3 329.781 176.236 145.792
4 329.782 232.499 524.01
5 329.783 396.781 718.627
6 329.783 412.464 247.015
0 330.796 468.566 427.769
2 330.797 473.408 208.027
4 330.798 237.05 532.914
1 331.812 502.874 324.932
2 331.813 466.282 215.043
3 331.814 166.807 149.123
4 331.815 241.6 541.819
5 331.815 406.729 719.643
6 331.817 406.929 255.343
0 332.833 460.716 433.964
1 332.833 505.1 334.681
2 332.834 459.157 222.06
3 332.835 157.378 152.454
4 332.835 246.15 550.724
5 332.836 416.677 720.66
6 332.837 401.394 263.671
0 333.85 452.866 440.159
1 333.85 507.327 344.43
2 333.851 452.032 229.076
4 333.852 250.7 559.629
6 333.853 395.858 272
0 334.865 445.017 446.355
2 334.866 444.906 236.092
3 334.867 148.107 148.705
4 334.868 255.251 568.534
5 334.868 423.808 713.65
6 334.869 390.323 280.328
1 335.881 499.296 350.39
3 335.882 138.836 144.956
5 335.883 430.939 706.639
6 335.884 384.788 288.657
0 336.896 444.167 456.318
1 336.897 491.266 356.35
2 336.898 448.596 245.387
3 336.898 129.566 141.207
4 336.899 263.768 563.293
5 336.9 438.07 699.628
6 336.9 379.253 296.985
0 337.913 443.317 466.282
1 337.914 483.236 362.309
2 337.915 452.286 254.681
4 337.916 272.284 558.053
5 337.917 445.201 692.617
6 337.917 373.718 305.313
3 338.93 127.681 151.028
4 338.932 280.801 552.812
5 338.933 452.332 685.607
6 338.934 368.183 313.642
0 339.948 450.975 459.851
1 339.948 490.008 369.668
2 339.949 450.142 244.914
3 339.95 125.797 160.848
4 339.95 289.318 547.572
5 339.951 459.462 678.596
6 339.951 362.647 321.97
0 340.964 458.633 453.42
1 340.965 496.779 377.026
2 340.965 447.999 235.146
4 340.966 297.835 542.331
6 340.967 357.112 330.299
0 341.979 466.29 446.989
1 341.98 503.55 384.385
2 341.981 445.856 225.378
3 341.981 117.062 165.718
4 341.982 306.352 537.091
5 341.983 449.736 680.918
6 341.983 351.577 338.627
0 343 473.948 440.558
1 343.002 510.322 391.743
2 343.003 443.713 215.611
3 343.005 108.328 170.587
4 343.006 314.869 531.85
5 343.007 440.009 683.24
0 344.031 481.606 434.127
1 344.033 517.093 399.101
2 344.035 441.57 205.843
5 344.036 430.283 685.563
6 344.038 349.655 348.44
0 345.058 489.264 427.696
2 345.059 439.426 196.075
3 345.06 103.075 162.078
4 345.06 322.909 537.797
5 345.061 420.556 687.885
6 345.062 347.734 358.254
0 346.074 496.922 421.265
1 346.075 517.857 409.072
2 346.076 437.283 186.308
3 346.076 97.8211 153.569
4 346.077 330.949 543.743
5 346.077 410.829 690.207
0 347.09 504.579 414.834
1 347.091 518.62 419.043
2 347.091 435.14 176.54
3 347.092 92.5677 145.06
5 347.093 401.103 692.529
6 347.093 357.622 356.766
2 348.106 432.997 166.772
4 348.107 339.481 548.959
5 348.108 391.376 694.851
6 348.108 367.511 355.278
0 349.125 512.355 408.546
1 349.127 523.987 410.605
2 349.129 430.854 157.005
3 349.13 87.9238 136.204
4 349.132 348.013 554.174
5 349.133 381.649 697.174
6 349.135 377.399 353.789
0 350.154 520.131 402.258
1 350.155 529.354 402.167
2 350.156 428.71 147.237
3 350.157 83.2799 127.348
5 350.157 371.923 699.496
0 351.171 527.907 395.97
1 351.171 534.72 393.729
4 351.172 351.676 563.479
6 351.173 381.142 344.516
0 352.189 535.683 389.683
1 352.191 540.087 385.291
2 352.192 437.086 141.773
3 352.193 88.3986 118.757
4 352.195 355.34 572.784
5 352.196 362.832 703.662
6 352.197 384.884 335.243
