0 1.007 416.39 206.48
1 1.008 416.39 206.48
2 1.009 359.53 409.109
3 1.009 289.659 116.914
4 1.01 454.362 76.213
5 1.011 140.429 32.7556
6 1.011 76.6466 485.764
0 2.028 412.687 215.769
1 2.029 412.687 215.769
2 2.03 368.572 413.381
3 2.03 298.628 121.337
4 2.031 450.495 85.4351
5 2.031 143.484 42.2772
6 2.032 85.5738 490.271
0 4.061 422.444 217.959
1 4.062 422.444 217.959
2 4.063 378.548 414.07
3 4.064 307.932 117.673
4 4.064 460.226 87.7389
5 4.065 152.581 38.1249
6 4.065 95.5467 491.007
0 5.08 432.202 220.148
1 5.081 432.202 220.148
2 5.081 388.524 414.76
3 5.082 317.237 114.009
4 5.083 469.957 90.0428
5 5.083 161.679 33.9725
6 5.084 105.52 491.743
3 6.101 326.542 110.345
0 7.112 437.379 211.592
1 7.113 437.379 211.592
2 7.114 397.108 419.891
3 7.115 335.846 106.681
4 7.116 478.147 84.3047
5 7.117 171.669 34.4127
6 7.119 114.1 496.878
0 8.134 442.557 203.037
1 8.135 442.557 203.037
2 8.136 405.691 425.022
3 8.136 345.151 103.018
4 8.137 486.337 78.5666
5 8.138 181.659 34.8528
6 8.138 122.681 502.014
3 9.151 354.455 99.3536
0 10.164 451.461 207.589
1 10.164 451.461 207.589
2 10.166 406.236 435.007
3 10.167 363.76 95.6897
4 10.168 496.318 79.1713
5 10.168 186.385 43.6655
6 10.169 123.23 511.999
0 11.182 460.364 212.141
1 11.182 460.364 212.141
2 11.183 406.781 444.992
3 11.184 373.065 92.0258
4 11.184 506.3 79.7759
5 11.185 191.111 52.4783
6 11.186 123.779 521.983
3 12.204 382.369 88.3619
0 13.221 469.302 216.627
1 13.222 469.302 216.627
2 13.223 416.049 448.749
3 13.223 391.674 84.698
4 13.224 512.625 87.5212
5 13.225 181.549 55.4048
6 13.225 116.886 514.739
0 14.244 478.239 221.113
1 14.244 478.239 221.113
2 14.245 425.316 452.506
3 14.246 400.978 81.0341
4 14.246 518.951 95.2664
5 14.247 171.987 58.3313
6 14.248 109.993 507.494
3 15.266 410.283 77.3702
5 15.267 162.425 61.2579
6 15.267 103.1 500.249
0 16.28 488.208 221.904
1 16.281 488.208 221.904
2 16.281 421.979 461.933
3 16.282 419.588 73.7063
4 16.283 528.946 95.5713
6 16.283 96.2073 493.004
0 17.302 498.177 222.696
1 17.302 498.177 222.696
2 17.303 418.642 471.36
3 17.304 428.892 70.0424
4 17.304 538.942 95.8762
5 17.305 156.991 69.6529
6 17.305 89.3143 485.76
5 18.318 151.558 78.048
6 18.319 82.4213 478.515
0 19.331 501.855 231.995
1 19.331 501.855 231.995
2 19.332 417.116 461.477
3 19.333 425.423 60.6634
4 19.333 542.731 105.131
6 19.334 75.5284 471.27
0 20.348 505.534 241.294
1 20.348 505.534 241.294
2 20.349 415.589 451.595
3 20.35 421.954 51.2843
4 20.35 546.52 114.385
5 20.351 143.657 84.1784
6 20.351 68.6354 464.025
2 21.367 414.062 441.712
3 21.368 418.486 41.9053
5 21.369 135.757 90.3089
6 21.369 61.7424 456.78
0 22.385 504.471 251.237
1 22.386 504.471 251.237
2 22.387 412.535 431.829
4 22.388 554.519 120.386
5 22.388 127.856 96.4393
0 23.432 503.408 261.181
1 23.433 503.408 261.181
2 23.433 411.008 421.946
3 23.434 428.455 41.1304
4 23.435 562.518 126.387
6 23.436 52.203 453.781
2 24.455 409.482 412.064
3 24.456 438.425 40.3555
5 24.456 126.653 106.367
6 24.457 42.6635 450.781
0 25.471 504.075 271.158
1 25.472 504.075 271.158
2 25.472 407.955 402.181
4 25.473 561.458 136.331
5 25.474 125.449 116.294
6 25.474 33.124 447.781
0 26.487 504.742 281.136
1 26.488 504.742 281.136
2 26.489 406.428 392.298
3 26.49 430.074 34.8552
4 26.49 560.397 146.275
3 27.508 421.723 29.3549
5 27.509 120.784 125.139
6 27.51 29.3254 457.032
0 28.527 499.241 289.487
1 28.527 499.241 289.487
2 28.528 396.847 389.436
3 28.528 413.371 23.8546
4 28.529 559.392 156.224
5 28.53 116.118 133.984
6 28.53 25.5268 466.282
0 29.548 493.741 297.839
1 29.549 493.741 297.839
2 29.549 387.265 386.573
3 29.55 405.02 18.3543
4 29.551 558.387 166.173
2 30.57 377.683 383.71
5 30.571 112.292 143.223
6 30.572 32.9254 473.01
0 31.595 492.566 307.769
1 31.596 492.566 307.769
3 31.597 395.755 14.5896
4 31.598 563.567 174.727
5 31.598 108.465 152.462
6 31.599 40.3241 479.737
0 32.618 491.39 317.7
1 32.62 491.39 317.7
2 32.621 368.138 380.729
3 32.623 386.491 10.825
4 32.624 568.747 183.281
6 32.625 47.7227 486.465
2 33.645 358.593 377.747
5 33.646 108.683 162.459
6 33.647 55.1214 493.192
0 34.66 496.667 326.195
1 34.661 487.686 308.412
2 34.661 349.048 374.766
3 34.662 380.912 19.1238
4 34.663 569.275 193.267
5 34.663 108.901 172.457
6 34.664 62.52 499.92
0 35.677 501.944 334.689
1 35.678 483.981 299.123
3 35.679 375.332 27.4225
4 35.68 569.802 203.253
6 35.681 69.9187 506.647
1 36.695 480.276 289.835
2 36.696 339.532 371.693
3 36.696 369.753 35.7213
5 36.697 118.879 173.124
6 36.698 77.3174 513.375
0 37.711 500.691 344.611
1 37.711 476.571 280.547
2 37.712 330.016 368.62
3 37.713 364.173 44.0201
4 37.713 571.805 193.455
5 37.714 128.857 173.79
6 37.714 84.716 520.102
0 38.73 499.438 354.532
1 38.731 472.867 271.258
2 38.733 320.5 365.547
3 38.734 358.594 52.3188
4 38.735 573.807 183.658
6 38.736 92.1147 526.83
1 39.758 469.162 261.97
3 39.76 353.014 60.6176
4 39.762 575.809 173.86
5 39.763 137.408 178.974
6 39.765 99.5133 533.557
0 40.79 505.682 362.343
1 40.791 465.457 252.681
2 40.793 316.603 374.756
3 40.794 347.435 68.9164
4 40.795 577.812 164.063
5 40.796 145.96 184.157
0 41.813 511.926 370.154
1 41.814 461.752 243.393
2 41.814 312.707 383.966
3 41.815 341.855 77.2152
4 41.815 579.814 154.265
6 41.816 103.05 542.911
4 42.833 581.817 144.468
5 42.834 146.396 194.148
6 42.835 106.587 552.265
0 43.853 521.208 373.874
1 43.854 458.059 252.686
2 43.854 316.229 393.325
3 43.855 338.372 67.8413
4 43.855 583.819 134.671
5 43.856 146.832 204.138
0 44.869 530.491 377.594
1 44.87 454.366 261.979
2 44.87 319.752 402.684
3 44.871 334.889 58.4675
4 44.872 585.822 124.873
6 44.872 115.072 557.558
1 45.885 450.673 271.272
3 45.886 331.406 49.0937
5 45.887 156.117 207.85
6 45.887 123.556 562.851
0 46.9 536.011 385.932
1 46.901 446.981 280.565
2 46.901 310.367 399.231
4 46.902 595.161 121.298
5 46.903 165.403 211.562
0 47.915 541.531 394.27
2 47.916 300.982 395.777
3 47.917 322.876 43.8757
4 47.917 604.5 117.723
6 47.918 132.595 567.129
1 48.931 449.85 290.145
2 48.932 291.598 392.324
3 48.933 314.345 38.6577
5 48.933 164.83 221.546
6 48.934 141.633 571.407
0 49.951 551.484 393.307
1 49.953 452.719 299.724
3 49.955 305.814 33.4397
4 49.957 610.766 125.516
5 49.958 164.257 231.529
0 50.984 561.438 392.345
2 50.986 287.7 401.533
4 50.988 617.032 133.309
6 50.99 146.782 579.98
1 52.011 446.399 307.474
2 52.012 283.802 410.742
3 52.012 309.948 24.3339
5 52.013 159.299 240.214
6 52.014 151.93 588.553
0 53.03 566.148 401.166
1 53.031 440.079 315.224
3 53.033 314.081 15.2281
4 53.034 620.22 142.787
5 53.035 154.341 248.898
0 54.055 570.858 409.987
2 54.056 278.172 419.006
4 54.058 623.408 152.266
6 54.059 152.386 598.542
1 55.08 444.073 324.392
2 55.081 272.541 427.27
3 55.082 323.357 11.4931
5 55.083 157.989 258.209
6 55.084 152.842 608.532
0 56.099 580.12 413.757
1 56.099 448.066 333.56
3 56.1 332.633 7.75813
4 56.101 626.455 161.79
5 56.101 161.637 267.52
0 57.116 589.382 417.527
2 57.117 272.727 437.269
4 57.117 629.501 171.315
6 57.118 157.949 617.129
1 58.131 453.699 341.823
2 58.132 272.912 447.267
3 58.132 322.776 6.07723
5 58.133 166.805 276.081
6 58.134 163.056 625.727
0 59.147 597.234 423.72
1 59.148 459.331 350.085
3 59.148 312.918 4.39633
4 59.149 631.625 161.543
5 59.15 171.973 284.642
0 60.163 605.086 429.913
2 60.164 282.884 448.016
3 60.165 303.06 2.71544
4 60.167 633.748 151.771
6 60.168 163.445 635.719
1 61.183 449.432 351.503
2 61.183 292.856 448.764
3 61.184 293.203 1.03454
4 61.185 635.872 141.999
5 61.186 180.772 289.395
6 61.187 163.833 645.712
0 62.2 613.744 434.917
1 62.2 439.534 352.921
4 62.201 637.995 132.227
5 62.202 189.57 294.147
0 63.216 622.402 439.92
1 63.217 429.635 354.339
2 63.219 301.403 453.956
3 63.22 283.203 1.02084
4 63.221 640.118 122.455
6 63.222 157.32 638.124
2 64.238 309.95 459.147
3 64.239 273.203 1.00713
5 64.239 188.94 304.127
6 64.24 150.806 630.536
0 65.253 621.821 449.903
1 65.253 433.098 363.72
3 65.254 263.203 0.993425
4 65.255 648.341 116.763
5 65.255 188.309 314.108
6 65.256 144.293 622.949
0 66.269 621.239 459.887
1 66.269 436.561 373.101
2 66.27 312.784 468.737
4 66.271 656.563 111.072
6 66.272 137.779 615.361
2 67.29 315.619 478.327
3 67.291 258.497 9.81711
4 67.293 664.785 105.38
5 67.295 197.078 318.915
6 67.297 131.266 607.773
0 68.318 631.166 458.681
1 68.319 427.284 369.368
3 68.32 253.791 18.6408
5 68.322 205.846 323.723
6 68.323 124.752 600.185
0 69.338 641.093 457.475
1 69.339 418.006 365.636
2 69.34 324.566 482.793
4 69.341 674.108 108.997
6 69.342 118.239 592.598
1 70.355 408.729 361.903
2 70.355 333.513 487.259
3 70.356 263.007 22.5243
4 70.357 683.43 112.615
5 70.357 206.341 333.71
6 70.358 111.725 585.01
0 71.371 641.901 467.442
1 71.372 399.452 358.17
3 71.372 272.222 26.4077
5 71.373 206.836 343.698
0 72.386 642.709 477.409
2 72.387 334.138 497.24
4 72.388 693.429 112.772
6 72.388 115.132 594.412
1 73.401 405.234 350.011
2 73.402 334.763 507.22
3 73.403 262.317 27.7848
4 73.403 703.428 112.928
5 73.404 202.466 352.693
6 73.405 118.539 603.813
0 74.419 647.834 485.996
1 74.42 411.017 341.853
3 74.421 252.412 29.162
5 74.421 198.096 361.687
6 74.422 121.946 613.215
0 75.435 652.96 494.582
1 75.436 416.799 333.694
2 75.436 340.136 515.654
3 75.437 242.508 30.5391
4 75.437 707.048 122.25
6 75.438 125.353 622.617
2 76.451 345.508 524.089
3 76.452 232.603 31.9162
4 76.453 710.669 131.572
5 76.453 191.783 353.932
6 76.454 128.759 632.019
0 77.467 656.336 503.995
1 77.467 411.164 325.433
5 77.468 185.47 346.176
6 77.469 132.166 641.42
0 78.482 659.712 513.408
1 78.482 405.528 317.172
2 78.483 353.416 517.967
3 78.484 222.727 30.3442
4 78.484 719.483 136.294
5 78.485 179.157 338.421
6 78.485 135.573 650.822
1 79.498 399.893 308.911
2 79.499 361.324 511.846
3 79.5 212.851 28.7722
4 79.5 728.298 141.017
0 80.514 660.257 523.393
5 80.515 170.132 342.73
6 80.516 129.193 643.122
0 81.53 660.802 533.378
1 81.531 394.773 317.501
2 81.531 364.589 502.394
3 81.532 210.282 19.1079
4 81.532 732.67 132.023
5 81.533 161.108 347.038
6 81.534 122.812 635.423
1 82.547 389.654 326.092
2 82.548 367.855 492.942
3 82.548 207.713 9.4436
4 82.549 737.041 123.029
6 82.55 116.431 627.723
0 83.562 659.624 543.309
1 83.563 384.534 334.682
2 83.564 371.12 483.491
3 83.564 205.144 -0.220722
5 83.565 153.291 340.803
6 83.566 110.051 620.023
0 84.578 658.446 553.239
1 84.579 379.414 343.272
2 84.58 374.386 474.039
4 84.581 733.868 113.546
5 84.581 145.473 334.567
6 84.582 103.67 612.323
1 85.595 374.294 351.862
2 85.596 377.651 464.587
3 85.596 215.133 0.250872
4 85.597 730.694 104.063
5 85.598 137.655 328.332
6 85.598 97.2892 604.623
0 86.615 668.418 553.985
2 86.618 380.917 455.135
3 86.619 225.122 0.722466
4 86.621 727.521 94.5799
6 86.623 90.9086 596.923
0 87.644 678.39 554.73
1 87.645 364.9 348.435
3 87.646 235.11 1.19406
5 87.646 142.664 319.677
6 87.647 84.5279 589.224
1 88.66 355.505 345.008
2 88.661 371.267 457.76
4 88.662 735.33 88.3338
5 88.662 147.673 311.022
0 89.675 677.819 564.714
1 89.676 346.111 341.581
2 89.676 361.618 460.384
3 89.677 232.574 10.867
4 89.678 743.14 82.0877
6 89.678 76.1845 583.711
0 90.691 677.247 574.697
2 90.692 351.968 463.009
3 90.693 230.037 20.5399
5 90.693 138.838 306.337
6 90.694 67.8411 578.199
1 91.708 349.167 332.06
3 91.708 227.5 30.2128
4 91.709 739.459 72.7897
5 91.71 130.003 301.653
6 91.71 59.4978 572.686
0 92.723 681.753 583.625
1 92.724 352.223 322.538
2 92.725 347.191 454.224
3 92.725 224.964 39.8857
4 92.726 735.778 63.4917
5 92.727 121.168 296.968
0 93.739 686.259 592.552
1 93.74 355.278 313.016
2 93.741 342.414 445.439
3 93.741 222.427 49.5586
6 93.742 50.2524 568.875
2 94.755 337.636 436.653
3 94.756 219.89 59.2315
4 94.757 726.363 66.8608
5 94.757 116.478 305.8
6 94.758 41.0071 565.064
0 95.771 690.737 601.493
1 95.772 346.477 308.269
4 95.774 716.947 70.2298
5 95.775 111.788 314.632
6 95.776 31.7618 561.253
0 96.789 695.215 610.435
1 96.79 337.676 303.522
2 96.79 328.411 432.794
3 96.791 228.625 64.1009
4 96.792 707.532 73.5988
1 97.805 328.874 298.775
2 97.805 319.186 428.935
3 97.806 237.359 68.9702
5 97.807 110.603 324.562
6 97.807 35.1013 551.827
0 98.825 695.97 620.406
2 98.826 309.961 425.075
4 98.827 709.978 63.9026
5 98.828 109.419 334.491
6 98.829 38.4407 542.401
0 99.843 696.726 630.377
1 99.844 323.992 307.502
2 99.844 300.735 421.216
3 99.845 232.607 77.7687
4 99.846 712.425 54.2065
1 100.86 319.11 316.229
3 100.861 227.854 86.5673
4 100.862 714.871 44.5104
5 100.862 114.648 343.015
6 100.863 36.1119 552.126
0 101.876 701.84 638.971
2 101.877 298.471 430.956
5 101.878 119.877 351.539
6 101.878 33.783 561.851
0 102.892 706.955 647.564
1 102.893 315.395 325.514
2 102.893 296.207 440.696
3 102.894 221.533 94.3157
4 102.894 724.059 40.5619
6 102.895 31.4541 571.576
1 103.908 311.681 334.798
2 103.909 293.943 450.437
3 103.91 215.211 102.064
4 103.911 733.246 36.6133
5 103.911 119.927 361.539
6 103.912 29.1252 581.301
0 104.925 710.33 656.977
2 104.926 291.678 460.177
3 104.926 208.89 109.813
5 104.927 119.978 371.539
0 105.94 713.705 666.39
1 105.941 302.715 339.226
2 105.941 289.414 469.917
4 105.942 730.422 27.0204
6 105.943 24.5628 590.2
1 106.96 293.749 343.655
2 106.961 287.15 479.658
3 106.962 218.297 106.423
4 106.963 727.598 17.4275
5 106.965 128.93 375.994
6 106.966 20.0004 599.098
0 107.984 723.702 666.641
1 107.985 284.783 348.083
3 107.987 227.705 103.033
4 107.988 724.774 7.83454
5 107.989 137.883 380.449
0 109.002 733.699 666.892
2 109.003 282.202 488.348
3 109.004 237.113 99.6432
6 109.005 28.3388 604.618
1 110.022 275.765 352.404
2 110.023 277.255 497.039
3 110.024 246.521 96.2534
4 110.024 734.367 5.01163
5 110.025 147.861 381.118
6 110.026 36.6773 610.138
0 111.038 737.214 676.254
1 111.039 266.747 356.726
4 111.04 743.96 2.18872
5 111.041 157.838 381.788
6 111.041 45.0157 615.658
0 112.055 740.729 685.616
1 112.056 257.728 361.047
2 112.057 268.284 501.457
3 112.058 241.326 104.798
2 113.076 259.313 505.876
3 113.077 236.13 113.342
4 113.079 734.603 5.71485
5 113.08 166.392 386.969
6 113.081 51.14 623.564
0 114.1 735.92 694.383
1 114.101 252.729 352.387
3 114.101 230.934 121.886
4 114.102 725.245 9.24097
5 114.103 174.945 392.149
6 114.103 57.2644 631.469
0 115.118 731.111 703.151
1 115.12 247.729 343.726
2 115.121 260.041 515.849
3 115.122 225.738 130.43
4 115.123 715.887 12.7671
1 116.139 242.729 335.066
2 116.14 260.768 525.823
4 116.141 706.529 16.2932
5 116.141 175.387 402.14
6 116.142 62.5357 639.967
0 117.155 722.182 698.648
3 117.156 234.693 134.882
5 117.157 175.829 412.13
6 117.158 67.8069 648.465
0 118.171 713.254 694.145
1 118.172 245.25 325.389
2 118.173 266.728 533.853
3 118.173 243.647 139.333
4 118.174 696.884 18.9306
1 119.188 247.772 315.712
2 119.188 272.687 541.883
4 119.189 687.238 21.568
5 119.19 170.769 420.755
6 119.19 75.4262 641.988
0 120.204 710.718 703.818
3 120.205 237.187 146.966
4 120.206 677.592 24.2053
5 120.206 165.709 429.381
6 120.207 83.0455 635.511
0 121.225 708.182 713.491
1 121.227 238.745 311.41
2 121.228 277.409 550.698
3 121.23 230.726 154.599
5 121.232 160.65 438.007
1 122.254 229.718 307.108
2 122.255 282.132 559.513
3 122.256 224.265 162.231
4 122.256 677.756 34.204
6 122.257 87.907 644.25
0 123.27 700.062 719.329
1 123.271 220.69 302.806
4 123.272 677.921 44.2026
5 123.272 152.897 431.691
6 123.273 92.7685 652.989
0 124.288 691.943 725.166
2 124.29 286.967 568.266
3 124.291 220.981 171.677
5 124.292 145.143 425.375
1 125.305 223.986 293.364
2 125.306 291.801 577.02
3 125.307 217.696 181.122
4 125.307 674.411 53.5663
5 125.308 137.39 419.059
6 125.309 97.1466 661.98
0 126.323 699.06 732.19
1 126.325 227.282 283.923
3 126.328 214.412 190.567
4 126.329 670.901 62.93
6 126.33 101.525 670.97
0 127.346 706.178 739.214
1 127.347 230.577 274.482
2 127.348 301.072 580.77
4 127.348 667.39 72.2937
5 127.349 128.424 414.631
2 128.362 310.342 584.52
3 128.362 218.841 199.533
5 128.363 119.458 410.202
6 128.364 104.612 680.482
0 129.377 715.45 735.471
1 129.378 222.096 269.183
3 129.378 223.27 208.498
4 129.379 658.097 68.6012
6 129.38 107.699 689.993
0 130.393 724.723 731.727
1 130.394 213.616 263.884
2 130.394 311.046 594.495
4 130.395 648.804 64.9087
5 130.396 114.026 418.598
1 131.409 205.135 258.585
2 131.409 311.751 604.47
3 131.41 214.649 213.566
4 131.411 639.511 61.2162
5 131.411 108.593 426.993
6 131.412 116.583 694.584
0 132.425 734.708 732.273
3 132.426 206.028 218.633
6 132.427 125.467 699.175
0 133.439 744.693 732.819
1 133.44 211.546 250.91
2 133.441 315.189 613.861
4 133.442 643.78 52.1735
5 133.443 111.657 436.512
1 134.457 217.956 243.235
2 134.459 318.627 623.251
3 134.461 199.282 211.251
4 134.462 648.05 43.1308
5 134.463 114.722 446.031
6 134.464 133.762 704.76
0 135.481 735.993 727.89
1 135.481 224.367 235.561
3 135.482 192.536 203.869
6 135.483 142.057 710.345
0 136.496 727.292 722.96
2 136.497 327.561 627.744
3 136.497 185.79 196.487
4 136.498 644.885 33.6446
5 136.499 104.793 447.223
0 137.512 718.591 718.031
1 137.512 232.931 240.724
2 137.513 336.495 632.237
4 137.514 641.721 24.1585
5 137.514 94.8648 448.416
6 137.515 142.876 720.312
0 138.528 709.891 713.102
1 138.529 241.495 245.887
3 138.53 181.615 187.4
4 138.53 638.556 14.6724
6 138.531 143.694 730.278
0 139.547 701.19 708.172
2 139.548 346.467 632.985
3 139.548 177.441 178.313
5 139.549 88.4961 440.706
0 140.565 692.489 703.243
1 140.567 251.484 246.36
2 140.567 356.439 633.733
3 140.568 173.266 169.226
4 140.569 646.869 9.11321
5 140.57 82.1273 432.996
6 140.571 150.465 737.637
0 141.584 683.789 698.314
1 141.585 261.473 246.833
4 141.586 655.181 3.55402
5 141.587 75.7586 425.287
6 141.587 157.236 744.996
2 142.601 365.027 638.856
3 142.602 164.506 174.049
0 143.617 680.738 688.79
1 143.619 270.515 251.103
2 143.62 373.614 643.98
3 143.622 155.746 178.872
4 143.623 645.203 2.88659
5 143.624 65.7629 425.578
6 143.625 148.907 739.461
0 144.638 677.687 679.267
1 144.639 279.557 255.374
3 144.64 146.986 183.694
4 144.64 635.226 2.21916
5 144.641 55.7671 425.87
6 144.642 140.579 733.927
0 145.659 674.637 669.744
2 145.661 372.486 653.916
3 145.663 138.225 188.517
4 145.664 625.248 1.55173
5 145.665 45.7714 426.161
6 145.667 132.25 728.392
1 146.686 289.533 256.066
2 146.686 371.357 663.852
3 146.687 129.465 193.34
4 146.688 615.27 0.884297
5 146.688 35.7756 426.453
6 146.689 123.921 722.858
0 147.705 670.082 660.841
1 147.706 299.509 256.758
3 147.708 120.705 198.162
5 147.709 25.7799 426.744
6 147.71 115.592 717.323
0 148.727 665.527 651.939
2 148.728 379.976 668.924
4 148.729 611.902 10.2998
5 148.73 15.7841 427.035
6 148.733 107.264 711.788
0 149.747 660.972 643.036
1 149.747 298.436 266.7
2 149.748 388.594 673.996
3 149.75 111.742 193.727
4 149.752 608.533 19.7153
6 149.753 98.9349 706.254
1 150.767 297.362 276.642
3 150.769 102.779 189.292
5 150.77 10.021 435.208
6 150.771 90.6062 700.719
0 151.786 657.824 633.545
2 151.787 398.585 674.424
3 151.788 93.8167 184.858
4 151.789 607.452 29.6567
5 151.789 4.25793 443.38
6 151.79 82.2774 695.184
0 152.803 654.676 624.053
1 152.804 293.992 286.057
2 152.805 408.576 674.853
3 152.805 84.854 180.423
4 152.806 606.37 39.598
5 152.806 -1.50515 451.552
0 153.82 651.528 614.562
1 153.82 290.621 295.472
6 153.821 78.5107 704.448
2 154.835 417.171 679.965
3 154.836 80.8538 189.588
4 154.837 606.628 49.5947
5 154.837 -0.442793 461.496
6 154.838 74.7439 713.711
0 155.854 642.405 610.466
1 155.854 298.131 288.868
2 155.855 425.766 685.076
3 155.856 76.8537 198.753
4 155.856 606.886 59.5914
5 155.857 0.619567 471.439
0 156.871 633.282 606.371
1 156.872 305.64 282.265
6 156.873 73.5738 723.643
0 157.886 624.159 602.276
1 157.887 313.15 275.662
2 157.887 426.281 695.063
3 157.888 84.5099 205.186
4 157.889 603.818 50.0736
5 157.889 5.77799 480.006
6 157.89 72.4037 733.574
1 158.903 320.66 269.058
2 158.904 426.796 705.05
3 158.905 92.166 211.619
4 158.905 600.75 40.5559
5 158.906 10.9364 488.573
0 159.919 620.078 611.405
4 159.92 597.682 31.0381
6 159.921 82.3855 734.177
0 160.94 615.996 620.534
1 160.941 324.904 260.004
2 160.941 435.025 710.732
3 160.942 87.5369 220.483
4 160.943 594.614 21.5203
5 160.943 18.1406 495.508
6 160.944 92.3672 734.78
1 161.96 329.149 250.949
2 161.961 443.254 716.414
3 161.962 82.9078 229.347
4 161.963 591.547 12.0026
5 161.964 25.3447 502.444
0 162.983 616.424 630.525
4 162.984 588.479 2.48481
6 162.985 101.152 739.558
0 163.997 616.851 640.516
1 163.998 338.234 255.128
2 163.999 443.992 726.386
3 164 88.7984 237.428
5 164 23.7386 492.574
6 164.001 109.938 744.335
1 165.014 347.319 259.307
2 165.015 444.73 736.359
3 165.015 94.689 245.509
4 165.016 579.078 5.89429
5 165.017 22.1325 482.703
0 166.03 620.258 649.918
3 166.031 100.58 253.59
4 166.032 569.677 9.30376
5 166.032 20.5263 472.833
6 166.033 99.9449 743.952
0 167.046 623.666 659.319
1 167.046 352.433 250.714
2 167.047 453.474 731.506
3 167.048 106.47 261.67
5 167.048 18.9202 462.963
6 167.049 89.9522 743.569
1 168.062 357.548 242.12
2 168.063 462.218 726.654
3 168.064 112.361 269.751
4 168.064 565.42 18.3525
5 168.065 17.3141 453.093
6 168.065 79.9595 743.186
0 169.079 622.547 669.256
2 169.079 470.962 721.801
4 169.08 561.163 27.4012
5 169.081 15.708 443.223
6 169.081 69.9669 742.803
0 170.095 621.429 679.194
1 170.095 366.254 237.201
3 170.096 122.215 271.451
4 170.097 556.907 36.45
5 170.097 14.1018 433.353
6 170.098 59.9742 742.42
1 171.111 374.961 232.282
2 171.112 476.081 730.391
3 171.113 132.07 273.15
5 171.113 12.4957 423.482
6 171.114 49.9815 742.038
0 172.127 627.355 687.249
2 172.127 481.201 738.981
3 172.128 141.925 274.849
4 172.129 548.12 31.6746
5 172.13 10.8896 413.612
0 173.146 633.281 695.304
1 173.146 377.7 241.9
4 173.147 539.334 26.8993
5 173.148 9.28347 403.742
6 173.149 40.757 738.177
1 174.162 380.439 251.517
2 174.163 491.123 737.738
3 174.164 139.082 265.262
4 174.165 530.548 22.1239
6 174.165 31.5324 734.316
0 175.179 639.267 703.314
1 175.18 383.178 261.135
2 175.181 501.046 736.495
3 175.183 136.24 255.674
5 175.183 18.6663 400.283
6 175.184 22.3078 730.455
0 176.202 645.253 711.324
3 176.203 133.397 246.087
4 176.204 535.626 13.5092
5 176.205 28.0492 396.825
1 177.219 383.939 271.106
2 177.22 510.286 732.673
3 177.221 130.555 236.499
4 177.221 540.704 4.89449
5 177.222 37.4321 393.366
6 177.223 13.6905 735.528
0 178.24 651.25 719.326
1 178.241 384.7 281.077
2 178.242 519.527 728.85
6 178.243 5.07316 740.602
0 179.26 657.248 727.328
3 179.261 140.555 236.414
4 179.261 530.802 3.50244
5 179.262 33.3554 384.235
1 180.276 394.667 281.899
2 180.276 529.515 729.34
3 180.277 150.554 236.328
4 180.278 520.899 2.1104
5 180.278 29.2786 375.104
6 180.279 5.38611 730.607
0 181.296 664.127 734.585
1 181.298 404.633 282.722
2 181.3 539.503 729.829
3 181.301 160.554 236.243
4 181.303 510.996 0.718352
5 181.304 25.2019 365.972
6 181.306 5.69906 720.612
0 182.337 671.007 741.843
3 182.338 170.554 236.157
6 182.338 6.01201 710.617
1 183.351 409.58 274.032
2 183.352 549.431 728.633
3 183.353 180.553 236.072
4 183.353 500.997 0.826687
5 183.354 15.4983 368.389
0 184.369 661.232 739.735
1 184.37 414.528 265.342
2 184.371 559.36 727.438
3 184.372 190.553 235.987
4 184.372 490.998 0.935021
5 184.373 5.79471 370.806
6 184.374 14.8539 705.945
0 185.387 651.457 737.627
4 185.388 480.998 1.04336
6 185.388 23.6958 701.274
0 186.401 641.681 735.519
1 186.402 420.582 257.382
2 186.403 549.963 724.017
3 186.403 199.636 231.805
5 186.404 9.7346 361.615
0 187.417 631.906 733.411
1 187.418 426.636 249.423
2 187.418 540.567 720.596
3 187.419 208.72 227.623
4 187.42 470.998 1.02668
5 187.42 13.6745 352.424
6 187.421 33.6685 702.013
1 188.434 432.69 241.464
2 188.435 531.17 717.174
3 188.435 217.804 223.441
4 188.436 460.998 1.01
5 188.437 17.6144 343.232
6 188.437 43.6412 702.751
0 189.453 622.601 729.748
2 189.455 521.774 713.753
3 189.456 226.887 219.259
4 189.457 450.998 0.993326
0 190.475 613.296 726.085
1 190.475 422.794 240.024
2 190.476 512.377 710.332
3 190.476 235.971 215.077
5 190.477 27.5859 343.986
6 190.478 48.5813 694.057
0 191.491 603.991 722.422
1 191.492 412.898 238.585
2 191.493 502.98 706.911
3 191.493 245.055 210.896
4 191.494 453.694 10.623
5 191.494 37.5575 344.74
6 191.495 53.5215 685.362
1 192.508 403.002 237.146
2 192.509 493.584 703.489
4 192.51 456.391 20.2526
6 192.511 58.4616 676.668
0 193.531 598.833 730.989
2 193.532 484.187 700.068
3 193.535 246.661 220.766
4 193.537 459.087 29.8823
5 193.538 47.5323 344.03
0 194.553 593.675 739.556
1 194.554 399.444 227.8
3 194.555 248.267 230.636
5 194.555 57.507 343.32
6 194.556 49.3584 672.529
0 195.569 588.518 748.123
1 195.569 395.885 218.455
2 195.57 481.791 690.36
3 195.571 249.874 240.506
4 195.574 467.739 34.8958
6 195.574 40.2552 668.389
1 196.592 392.326 209.11
2 196.593 479.395 680.651
3 196.594 251.48 250.376
4 196.594 476.392 39.9093
5 196.595 66.9334 339.982
6 196.596 31.152 664.25
0 197.61 588.189 738.129
1 197.611 388.768 199.764
2 197.611 476.998 670.942
3 197.612 253.087 260.246
5 197.613 76.3597 336.643
0 198.633 587.86 728.134
3 198.634 254.693 270.116
4 198.635 486.317 38.6862
6 198.638 22.0082 660.202
0 199.659 587.531 718.14
1 199.66 391.571 190.165
2 199.661 485.691 665.999
4 199.661 496.242 37.4631
5 199.662 80.2127 327.415
6 199.663 12.8643 656.154
0 200.683 587.202 708.145
1 200.684 394.374 180.566
2 200.685 494.384 661.056
3 200.686 257.735 279.643
5 200.687 84.0657 318.187
6 200.688 3.7204 652.105
0 201.705 586.873 698.15
1 201.705 397.178 170.967
3 201.706 260.777 289.169
4 201.707 505.735 40.6069
5 201.707 87.9187 308.96
2 202.721 502.646 655.423
4 202.721 515.228 43.7507
5 202.722 91.7717 299.732
6 202.723 2.64311 642.163
0 203.736 577.263 695.388
1 203.737 393.232 161.779
2 203.738 510.909 649.789
3 203.738 256.319 298.12
5 203.739 95.6247 290.504
6 203.74 1.56582 632.222
0 204.761 567.652 692.625
1 204.762 389.285 152.59
3 204.763 251.861 307.072
4 204.764 523.146 49.8578
6 204.764 0.488523 622.28
0 205.782 558.041 689.862
1 205.783 385.339 143.402
2 205.784 520.282 653.273
3 205.785 247.403 316.023
4 205.785 531.065 55.965
5 205.786 87.1427 285.207
1 206.802 381.393 134.213
2 206.803 529.656 656.757
3 206.803 242.945 324.974
5 206.804 78.6606 279.91
6 206.805 9.65059 626.287
0 207.823 553.692 680.857
1 207.825 377.447 125.025
3 207.826 238.487 333.926
4 207.827 539.554 61.2505
5 207.828 70.1786 274.614
6 207.828 18.8127 630.294
0 208.844 549.343 671.852
1 208.845 373.5 115.836
2 208.846 528.974 666.734
3 208.847 234.029 342.877
4 208.848 548.043 66.5361
6 208.848 27.9747 634.301
0 209.865 544.994 662.847
2 209.866 528.293 676.711
3 209.867 229.572 351.828
5 209.868 64.4688 282.823
1 210.881 364.34 119.847
3 210.882 225.114 360.78
4 210.883 544.294 75.8069
5 210.883 58.759 291.033
6 210.884 22.722 642.81
0 211.897 549.006 653.687
1 211.898 355.179 123.857
2 211.898 531.415 667.21
4 211.899 540.546 85.0778
6 211.9 17.4693 651.32
0 212.912 553.017 644.527
1 212.913 346.018 127.868
2 212.914 534.537 657.71
3 212.915 231.237 368.686
4 212.915 536.797 94.3487
5 212.916 49.4032 294.564
6 212.916 12.2166 659.829
2 213.929 537.659 648.21
3 213.93 237.36 376.592
4 213.931 533.049 103.62
5 213.932 40.0473 298.095
6 213.932 6.96394 668.338
0 214.945 562.999 645.14
1 214.946 340.588 136.265
2 214.947 540.781 638.71
4 214.949 529.301 112.89
5 214.95 30.6915 301.626
6 214.951 1.71124 676.848
0 215.967 572.98 645.753
1 215.969 335.158 144.662
3 215.971 229.197 382.368
4 215.972 525.552 122.161
2 216.994 530.804 638.034
3 216.994 221.035 388.145
5 216.995 21.5969 305.784
6 216.996 1.93372 666.85
0 218.012 582.345 649.26
1 218.014 343.824 149.653
2 218.016 520.827 637.359
4 218.017 534.792 118.337
5 218.019 12.5022 309.942
6 218.02 2.15621 656.853
0 219.041 591.709 652.768
1 219.042 352.49 154.643
2 219.042 510.849 636.683
3 219.043 224.686 397.454
4 219.043 544.031 114.512
6 219.044 2.37869 646.855
1 220.057 361.155 159.634
2 220.058 500.872 636.007
3 220.059 228.338 406.764
4 220.059 553.271 110.687
5 220.06 10.7923 300.089
6 220.06 2.60117 636.858
0 221.074 587.995 643.483
1 221.075 369.821 164.625
2 221.076 490.895 635.332
4 221.077 562.511 106.863
5 221.078 9.08231 290.236
6 221.078 2.82366 626.86
0 222.093 584.28 634.199
3 222.094 231.968 416.082
4 222.095 571.75 103.038
5 222.096 7.37236 280.384
6 222.098 3.04614 616.863
0 223.113 580.566 624.914
1 223.115 367.484 174.348
2 223.116 487.462 625.939
3 223.117 235.598 425.4
4 223.118 580.99 99.2132
6 223.119 3.26862 606.865
1 224.133 365.146 184.071
2 224.133 484.028 616.547
4 224.135 590.23 95.3885
5 224.137 16.4611 276.213
6 224.138 3.49111 596.868
0 225.151 583.066 615.232
1 225.151 362.809 193.794
2 225.152 480.594 607.155
3 225.154 239.936 434.409
4 225.156 599.47 91.5638
5 225.157 25.5498 272.042
6 225.157 3.71359 586.87
0 226.174 585.567 605.549
3 226.177 244.275 443.419
6 226.179 3.93607 576.873
0 227.197 588.067 595.867
1 227.198 353.482 197.4
2 227.199 485.172 598.264
4 227.2 608.279 86.8322
5 227.201 34.6065 267.802
1 228.224 344.155 201.007
2 228.226 489.749 589.373
3 228.227 240.964 452.855
4 228.229 617.089 82.1005
5 228.23 43.6631 263.562
6 228.231 5.9776 567.083
0 229.249 593.158 587.26
1 229.25 334.828 204.613
3 229.251 237.653 462.291
6 229.251 8.01912 557.294
0 230.264 598.248 578.652
2 230.265 498.093 583.863
4 230.266 626.82 84.405
5 230.267 34.7477 259.033
6 230.267 10.0606 547.504
0 231.281 603.339 570.045
1 231.282 329.215 212.889
2 231.282 506.438 578.352
3 231.283 241.124 452.912
4 231.284 636.551 86.7095
5 231.284 25.8323 254.503
1 232.298 323.601 221.165
3 232.3 244.595 443.534
4 232.301 646.282 89.014
5 232.302 16.9169 249.974
6 232.303 7.52081 537.832
0 233.316 613.294 570.99
2 233.317 516.435 578.616
3 233.318 248.066 434.156
6 233.318 4.98098 528.16
0 234.333 623.25 571.935
1 234.335 319.905 211.873
2 234.336 526.431 578.879
3 234.337 251.537 424.778
4 234.338 650.543 98.0606
5 234.339 19.2835 240.258
6 234.34 2.44115 518.488
0 235.353 633.205 572.88
1 235.354 316.209 202.581
3 235.355 255.008 415.399
4 235.355 654.804 107.107
5 235.356 21.6501 230.542
6 235.356 -0.0986863 508.816
0 236.374 643.16 573.825
1 236.376 312.513 193.289
2 236.377 536.431 578.929
3 236.379 258.479 406.021
4 236.38 659.065 116.154
5 236.381 24.0167 220.826
2 237.406 546.431 578.978
3 237.408 261.95 396.643
4 237.41 663.326 125.201
6 237.412 9.21961 512.445
0 238.434 653.127 573.008
1 238.435 303.903 198.376
3 238.436 265.422 387.265
4 238.436 667.588 134.247
5 238.437 15.2071 216.094
6 238.438 18.5379 516.074
0 239.454 663.093 572.191
1 239.455 295.294 203.463
2 239.455 551.748 587.447
5 239.456 6.39756 211.362
6 239.457 27.8562 519.703
0 240.47 673.06 571.373
2 240.47 557.064 595.917
3 240.471 267.71 377.53
4 240.472 676.254 139.237
6 240.472 37.1745 523.332
0 241.485 683.026 570.556
1 241.486 296.017 213.437
3 241.487 269.999 367.795
4 241.488 684.92 144.227
5 241.488 4.31598 201.581
6 241.489 46.4928 526.961
0 242.506 692.993 569.739
1 242.508 296.74 223.411
2 242.509 548.39 600.892
3 242.511 272.287 358.061
5 242.512 2.2344 191.8
6 242.514 55.8111 530.59
0 243.534 702.959 568.921
2 243.535 539.716 605.868
3 243.536 274.576 348.326
4 243.536 689.455 153.139
5 243.537 0.15282 182.019
6 243.537 65.1294 534.219
1 244.553 287.307 220.091
3 244.555 276.864 338.592
4 244.556 693.991 162.051
0 245.573 712.518 571.858
1 245.574 277.874 216.771
2 245.574 529.773 604.801
3 245.575 279.153 328.857
5 245.576 9.45428 178.347
6 245.576 71.1384 542.212
0 246.589 722.077 574.795
1 246.59 268.441 213.451
2 246.591 519.83 603.733
3 246.591 281.441 319.122
4 246.592 702.386 167.484
5 246.593 18.7557 174.675
6 246.593 77.1473 550.205
2 247.607 509.887 602.666
4 247.607 710.782 172.917
0 248.624 727.465 583.219
1 248.626 263.911 204.536
3 248.628 290.417 314.713
5 248.63 28.5483 172.649
6 248.632 83.561 542.533
0 249.656 732.853 591.644
1 249.657 259.381 195.621
2 249.659 505.073 593.901
3 249.66 299.392 310.303
4 249.661 720.771 173.383
5 249.662 38.3408 170.623
6 249.663 89.9747 534.861
1 250.68 254.851 186.706
2 250.681 500.258 585.136
3 250.681 308.367 305.894
4 250.682 730.76 173.849
5 250.683 48.1334 168.596
6 250.684 96.3885 527.188
0 251.71 739.218 599.357
2 251.711 495.444 576.372
3 251.712 317.342 301.484
5 251.713 57.9259 166.57
6 251.714 102.802 519.516
0 252.731 745.582 607.07
1 252.731 258.931 177.577
2 252.732 490.629 567.607
3 252.733 326.318 297.074
4 252.734 735.951 182.396
5 252.735 67.7184 164.544
6 252.735 109.216 511.844
1 253.75 263.012 168.447
2 253.753 485.815 558.842
3 253.756 335.293 292.665
4 253.758 741.143 190.943
5 253.759 77.511 162.517
6 253.76 115.63 504.171
0 254.78 746.174 617.052
3 254.781 344.268 288.255
5 254.782 87.3035 160.491
6 254.782 122.043 496.499
0 255.798 746.765 627.035
1 255.799 273.012 168.343
2 255.799 477.872 564.918
3 255.8 353.244 283.846
4 255.801 741.499 200.936
5 255.801 97.096 158.464
6 255.802 128.457 488.827
1 256.823 283.011 168.239
2 256.823 469.93 570.994
4 256.824 741.855 210.93
5 256.825 106.889 156.438
6 256.826 134.871 481.155
0 257.839 737.094 624.493
1 257.839 293.011 168.135
3 257.84 350.655 274.186
5 257.841 116.681 154.412
0 258.854 727.422 621.951
1 258.854 303.01 168.031
2 258.855 470.538 561.012
3 258.856 348.066 264.527
4 258.856 737.778 220.061
5 258.857 126.474 152.385
6 258.857 142.981 475.305
0 259.874 717.751 619.409
2 259.875 471.145 551.031
3 259.876 345.477 254.868
4 259.876 733.7 229.192
5 259.877 136.266 150.359
6 259.878 151.092 469.455
1 260.891 312.979 168.817
2 260.891 471.753 541.049
3 260.892 342.889 245.209
6 260.893 159.203 463.606
0 261.906 721.476 610.129
1 261.907 322.948 169.602
3 261.907 340.3 235.55
4 261.908 732.573 239.128
5 261.909 141.387 141.769
6 261.909 167.313 457.756
0 262.923 725.201 600.848
1 262.924 332.917 170.387
2 262.925 463.353 535.624
3 262.925 337.711 225.891
4 262.926 731.446 249.065
5 262.927 146.508 133.18
6 262.927 175.424 451.907
0 263.94 728.926 591.568
2 263.941 454.953 530.199
3 263.942 335.122 216.232
6 263.943 183.535 446.057
0 264.956 732.652 582.288
1 264.957 326.34 162.855
2 264.957 446.552 524.773
3 264.958 332.534 206.573
4 264.959 727.638 258.311
5 264.959 141.63 124.45
0 265.972 736.377 573.008
1 265.973 319.762 155.323
3 265.974 329.945 196.914
4 265.974 723.83 267.557
5 265.975 136.752 115.721
6 265.975 193.527 446.442
0 266.988 740.102 563.728
1 266.989 313.184 147.791
2 266.99 449.431 515.197
3 266.991 327.356 187.254
5 266.991 131.875 106.991
6 266.992 203.52 446.827
0 268.004 743.828 554.447
1 268.005 306.606 140.259
2 268.006 452.31 505.62
3 268.006 324.768 177.595
4 268.007 733.565 269.844
5 268.008 126.997 98.2612
2 269.023 455.189 496.044
3 269.024 322.179 167.936
4 269.024 743.3 272.131
5 269.025 122.119 89.5315
6 269.026 207.092 456.167
0 270.039 740.778 544.924
1 270.039 296.693 138.943
5 270.04 117.242 80.8018
6 270.041 210.664 465.508
0 271.054 737.729 535.4
1 271.054 286.78 137.626
2 271.055 453.992 486.115
3 271.056 313.661 162.697
4 271.056 738.709 281.015
5 271.057 112.364 72.072
0 272.07 734.68 525.876
1 272.071 276.867 136.31
2 272.071 452.796 476.187
3 272.072 305.143 157.459
4 272.072 734.119 289.899
6 272.073 211.232 475.491
1 273.086 266.954 134.994
2 273.087 451.599 466.259
3 273.087 296.625 152.22
5 273.088 109.123 81.5323
6 273.089 211.8 485.475
0 274.103 725.45 522.027
2 274.105 450.402 456.331
3 274.106 288.107 146.981
4 274.107 730.803 299.333
5 274.108 105.882 90.9925
0 275.121 716.221 518.177
1 275.122 267.371 125.003
3 275.123 279.589 141.743
4 275.123 727.487 308.768
5 275.124 102.641 100.453
6 275.124 220.99 489.418
0 276.142 706.991 514.328
1 276.143 267.789 115.011
2 276.145 460.353 455.348
3 276.147 271.071 136.504
5 276.149 99.4002 109.913
6 276.15 230.179 493.361
1 277.172 268.206 105.02
2 277.173 470.305 454.365
4 277.174 726.423 318.711
0 278.188 703.305 523.624
1 278.189 268.623 95.0287
3 278.19 261.488 139.362
4 278.191 725.358 328.654
5 278.192 94.3312 118.533
6 278.193 230.947 503.331
0 279.206 699.618 532.919
1 279.206 269.04 85.0375
2 279.207 464.353 446.329
3 279.208 251.905 142.22
5 279.208 89.2622 127.153
6 279.209 231.715 513.302
2 280.222 458.401 438.293
3 280.223 242.323 145.078
4 280.224 724.353 338.603
0 281.237 694.46 524.353
1 281.239 278.723 87.538
2 281.241 452.45 430.257
3 281.242 232.74 147.937
4 281.243 723.348 348.553
5 281.244 99.0575 125.14
6 281.244 227.446 522.345
0 282.257 689.301 515.786
1 282.258 288.405 90.0385
3 282.259 223.157 150.795
5 282.259 108.853 123.127
6 282.26 223.177 531.388
0 283.278 684.143 507.219
1 283.279 298.087 92.539
2 283.281 447.875 421.365
3 283.283 213.574 153.653
4 283.284 717.153 356.403
5 283.286 118.648 121.114
6 283.288 218.908 540.431
0 284.31 678.984 498.652
2 284.311 443.301 412.472
3 284.311 203.991 156.511
4 284.312 710.958 364.252
5 284.313 128.443 119.101
1 285.326 303.175 83.9303
2 285.327 438.726 403.58
3 285.329 194.408 159.369
5 285.33 138.239 117.088
6 285.331 227.849 544.911
0 286.344 682.194 489.181
1 286.344 308.264 75.3216
4 286.345 702.396 359.085
5 286.346 148.034 115.076
6 286.346 236.789 549.391
0 287.359 685.404 479.711
1 287.36 313.352 66.7129
2 287.361 447.334 398.49
3 287.361 189.865 150.461
4 287.362 693.835 353.918
5 287.363 157.829 113.063
2 288.377 455.942 393.4
3 288.379 185.322 141.553
4 288.379 685.273 348.751
5 288.38 167.625 111.05
6 288.38 236.875 559.391
0 289.396 695.403 479.828
1 289.396 304.494 62.0713
3 289.397 180.779 132.644
6 289.398 236.96 569.39
0 290.411 705.402 479.946
1 290.412 295.637 57.4298
2 290.413 464.701 398.225
4 290.414 685.843 358.734
5 290.415 172.988 102.609
1 291.431 286.779 52.7882
2 291.431 473.46 403.05
3 291.432 180.831 122.645
4 291.433 686.413 368.718
5 291.433 178.351 94.1692
6 291.434 245.889 573.893
0 292.448 715.402 479.968
3 292.45 180.882 112.645
4 292.451 686.983 378.702
6 292.454 254.818 578.396
0 293.474 725.402 479.99
1 293.474 277.079 55.2198
2 293.476 478.113 411.901
3 293.477 180.934 102.645
5 293.477 171.103 87.2796
1 294.497 267.379 57.6514
2 294.498 482.767 420.752
3 294.499 180.986 92.645
4 294.499 687.419 388.692
5 294.5 163.855 80.39
6 294.501 254.892 588.395
0 295.514 734.828 483.331
1 295.514 257.68 60.0831
4 295.515 687.855 398.683
5 295.516 156.607 73.5003
6 295.517 254.966 598.395
0 296.53 744.253 486.672
2 296.531 492.125 417.227
3 296.531 188.316 85.8427
5 296.532 149.359 66.6107
1 297.545 248.112 62.9901
2 297.546 501.483 413.702
3 297.546 195.646 79.0404
4 297.547 686.64 408.609
5 297.548 142.111 59.7211
6 297.548 260.281 589.924
0 298.56 743.441 476.705
1 298.561 238.543 65.8972
3 298.562 202.976 72.238
4 298.563 685.424 418.535
5 298.563 134.863 52.8315
6 298.564 265.596 581.454
0 299.576 742.63 466.738
1 299.577 228.975 68.8042
2 299.578 511.435 414.674
5 299.579 127.615 45.9418
6 299.579 270.911 572.983
0 300.591 741.819 456.771
1 300.592 219.407 71.7113
2 300.593 521.388 415.647
3 300.593 197.028 64.1996
4 300.594 680.726 427.362
5 300.595 120.367 39.0522
6 300.595 276.226 564.513
1 301.608 209.839 74.6183
3 301.609 191.079 56.1612
4 301.61 676.028 436.19
5 301.611 113.119 32.1626
6 301.611 281.541 556.042
0 302.627 737.212 447.895
1 302.628 200.271 77.5254
2 302.629 530.407 419.967
3 302.631 185.131 48.1228
6 302.632 286.856 547.572
0 303.651 732.605 439.019
2 303.652 539.425 424.288
3 303.653 179.182 40.0844
4 303.653 682.927 443.429
5 303.654 104.632 26.8733
6 303.655 292.172 539.101
0 304.667 727.998 430.144
1 304.668 194.807 69.15
3 304.669 173.234 32.046
4 304.67 689.825 450.668
5 304.67 96.1458 21.5839
6 304.671 297.487 530.631
1 305.683 189.343 60.7747
2 305.684 548.805 427.754
3 305.685 167.286 24.0075
0 306.698 730.411 420.439
1 306.699 183.879 52.3994
2 306.699 558.185 431.221
3 306.7 161.337 15.9691
4 306.701 695.463 442.409
5 306.701 101.998 13.4749
6 306.702 291.133 522.909
0 307.714 732.823 410.734
1 307.715 178.415 44.024
2 307.716 567.565 434.687
3 307.717 155.389 7.93072
4 307.717 701.101 434.15
5 307.718 107.849 5.36585
6 307.718 284.778 515.187
1 308.731 172.952 35.6487
3 308.732 149.44 -0.1077
4 308.733 706.739 425.891
5 308.734 113.701 -2.74318
6 308.734 278.424 507.466
0 309.75 727.457 402.296
1 309.754 167.488 27.2733
2 309.755 575.487 428.585
4 309.757 712.377 417.632
6 309.758 272.07 499.744
0 310.78 722.09 393.858
1 310.781 162.024 18.898
2 310.781 583.409 422.482
3 310.782 139.442 0.0495339
4 310.783 718.015 409.373
5 310.784 103.759 -1.67071
6 310.784 265.716 492.022
0 311.801 716.723 385.42
1 311.802 156.56 10.5227
2 311.803 591.332 416.38
3 311.804 129.443 0.206768
4 311.805 723.653 401.114
5 311.807 93.8166 -0.598246
6 311.808 259.362 484.301
1 312.828 151.096 2.14734
2 312.829 599.254 410.278
3 312.83 119.444 0.364003
5 312.831 83.8743 0.47422
6 312.832 253.008 476.579
0 313.848 724.873 379.625
2 313.849 607.176 404.175
3 313.849 109.445 0.521237
4 313.85 730.765 394.083
0 314.863 733.022 373.829
1 314.864 143.614 8.78175
3 314.865 99.4465 0.678471
4 314.865 737.876 387.053
5 314.866 73.8763 0.677384
6 314.866 262.095 480.753
1 315.879 136.132 15.4161
2 315.88 612.356 395.622
3 315.881 89.4477 0.835706
4 315.881 744.988 380.023
5 315.882 63.8784 0.880548
6 315.883 271.182 484.927
0 316.9 737.07 364.685
1 316.901 128.649 22.0506
2 316.902 617.536 387.068
3 316.906 79.449 0.99294
5 316.908 53.8805 1.08371
6 316.909 280.269 489.1
0 317.926 741.119 355.541
1 317.926 121.167 28.685
4 317.927 745.739 370.051
6 317.928 289.357 493.274
0 318.941 745.167 346.398
1 318.942 113.685 35.3194
2 318.942 626.993 383.816
3 318.943 71.8065 7.44216
4 318.944 746.489 360.08
5 318.945 52.6847 11.012
6 318.945 298.444 497.448
0 319.958 749.216 337.254
1 319.959 106.202 41.9538
2 319.96 636.45 380.565
3 319.96 64.164 13.8914
4 319.961 747.239 350.108
5 319.962 51.489 20.9402
6 319.963 307.531 501.622
1 320.978 98.7201 48.5882
3 320.979 56.5215 20.3406
4 320.979 747.99 340.136
0 321.992 740.476 332.394
2 321.992 635.245 390.492
3 321.993 48.879 26.7898
5 321.994 51.2032 30.9361
6 321.994 311.719 510.703
0 323.007 731.736 327.535
1 323.008 89.1603 45.6537
2 323.009 634.041 400.419
4 323.009 739.542 334.784
5 323.01 50.9175 40.9321
6 323.011 315.906 519.784
0 324.024 722.997 322.675
1 324.024 79.6006 42.7192
2 324.025 632.837 410.346
3 324.026 40.612 32.4163
4 324.026 731.095 329.433
5 324.027 50.6318 50.928
6 324.028 320.093 528.865
0 325.041 714.257 317.815
1 325.041 70.0408 39.7847
3 325.042 32.3451 38.0428
4 325.043 722.647 324.081
5 325.043 50.3461 60.9239
0 326.056 705.517 312.956
2 326.057 642.289 413.61
3 326.058 24.0781 43.6692
4 326.058 714.2 318.729
5 326.059 50.0603 70.9198
6 326.059 325.776 537.093
1 327.073 62.6909 33.004
2 327.073 651.741 416.875
4 327.074 705.753 313.377
5 327.074 49.7746 80.9157
6 327.075 331.459 545.322
0 328.09 696.554 317.39
1 328.092 55.3409 26.2233
3 328.094 14.6722 47.0646
5 328.096 49.4889 90.9116
0 329.118 687.591 321.824
1 329.118 47.9909 19.4426
2 329.119 654.046 407.144
3 329.12 5.26624 50.46
4 329.12 696.28 310.172
5 329.121 49.2032 100.908
6 329.122 332.407 555.277
0 330.138 678.628 326.258
1 330.139 40.6409 12.6619
2 330.14 656.35 397.413
4 330.14 686.808 306.966
5 330.141 48.9174 110.903
6 330.142 333.356 565.232
0 331.158 669.664 330.692
1 331.158 33.291 5.88118
2 331.159 658.654 387.682
3 331.16 9.72632 59.4103
4 331.16 677.336 303.76
5 331.161 48.6317 120.899
6 331.162 334.304 575.187
0 332.175 660.701 335.127
1 332.175 25.941 -0.899524
2 332.176 660.959 377.951
3 332.177 14.1864 68.3605
5 332.177 48.346 130.895
6 332.178 335.252 585.141
4 333.191 668.487 299.101
5 333.192 48.0603 140.891
6 333.193 336.2 595.096
0 334.206 651.506 331.198
1 334.207 16.4077 2.11993
2 334.208 653.795 384.928
3 334.209 16.5275 78.0826
4 334.21 659.639 294.442
0 335.224 642.31 327.269
1 335.225 6.8745 5.13938
2 335.225 646.63 391.905
3 335.226 18.8687 87.8047
4 335.227 650.79 289.784
5 335.227 53.7545 132.671
6 335.228 327.164 599.38
0 336.244 633.114 323.34
1 336.246 -2.65876 8.15883
2 336.248 639.466 398.881
3 336.249 21.2098 97.5268
5 336.251 59.4488 124.45
6 336.252 318.128 603.664
2 337.273 632.302 405.858
3 337.275 23.551 107.249
4 337.276 642.643 295.581
5 337.277 65.143 116.23
6 337.277 309.092 607.948
0 338.293 628.549 332.237
1 338.294 5.39757 14.083
2 338.296 625.138 412.835
3 338.297 25.8921 116.971
4 338.298 634.495 301.379
5 338.299 70.8373 108.009
6 338.3 300.056 612.232
0 339.317 623.984 341.134
1 339.318 13.4539 20.0072
2 339.319 617.973 419.811
3 339.32 28.2333 126.693
4 339.32 626.347 307.176
5 339.321 76.5315 99.789
6 339.321 291.02 616.516
1 340.334 21.5102 25.9313
2 340.335 610.809 426.788
3 340.336 30.5744 136.415
0 341.351 615.399 336.005
1 341.352 29.5665 31.8555
2 341.353 603.645 433.765
3 341.354 32.9156 146.137
4 341.355 617.837 301.924
5 341.356 76.3255 89.7912
6 341.357 300.966 615.478
0 342.372 606.814 330.876
1 342.373 37.6229 37.7796
2 342.373 596.481 440.741
3 342.374 35.2567 155.859
4 342.374 609.328 296.671
5 342.375 76.1194 79.7933
6 342.376 310.912 614.439
0 343.389 598.23 325.748
1 343.389 45.6792 43.7038
2 343.39 589.317 447.718
3 343.391 37.5979 165.581
4 343.391 600.818 291.419
5 343.392 75.9133 69.7954
6 343.393 320.858 613.401
1 344.408 53.7355 49.628
3 344.41 39.939 175.304
6 344.412 330.804 612.362
0 345.431 597.964 335.744
1 345.431 61.7918 55.5521
2 345.432 593.379 456.856
3 345.433 42.2802 185.026
4 345.433 590.987 293.246
5 345.434 67.7603 75.5858
6 345.434 340.75 611.323
0 346.448 597.698 345.74
1 346.448 69.8481 61.4763
2 346.449 597.441 465.993
3 346.45 44.6213 194.748
4 346.45 581.155 295.074
5 346.452 59.6073 81.3762
6 346.452 350.696 610.285
0 347.469 597.432 355.737
1 347.47 77.9045 67.4004
2 347.471 601.503 475.131
3 347.471 46.9625 204.47
4 347.472 571.324 296.902
5 347.472 51.4543 87.1666
6 347.473 360.642 609.246
0 348.49 597.167 365.733
3 348.491 49.3036 214.192
4 348.492 561.492 298.729
5 348.492 43.3013 92.957
0 349.508 596.901 375.73
1 349.51 69.8005 73.2593
2 349.511 601.703 485.129
3 349.512 51.6448 223.914
4 349.512 551.66 300.557
5 349.513 35.1483 98.7473
6 349.513 361.779 619.181
1 350.536 61.6966 79.1182
2 350.536 601.903 495.127
3 350.537 53.9859 233.636
4 350.538 541.829 302.385
5 350.538 26.9953 104.538
6 350.539 362.916 629.117
0 351.552 606.094 371.795
1 351.552 53.5927 84.9771
3 351.553 56.3271 243.358
4 351.554 531.997 304.212
5 351.554 18.8423 110.328
6 351.555 364.053 639.052
0 352.569 615.288 367.861
1 352.57 45.4888 90.836
2 352.571 611.765 496.781
4 352.572 522.166 306.04
5 352.573 10.6893 116.118
6 352.574 365.191 648.987
0 353.586 624.481 363.926
1 353.587 37.3849 96.6949
2 353.588 621.627 498.434
3 353.588 59.269 252.916
4 353.589 512.334 307.867
5 353.59 2.53632 121.909
6 353.59 366.328 658.922
0 354.603 633.674 359.991
1 354.604 29.281 102.554
3 354.605 62.2109 262.473
6 354.605 367.465 668.857
0 355.62 642.868 356.057
1 355.622 21.177 108.413
2 355.623 616.574 507.064
3 355.624 65.1529 272.031
4 355.625 517.111 316.653
5 355.626 3.16892 131.889
6 355.627 368.603 678.792
1 356.644 13.0731 114.272
2 356.644 611.522 515.694
3 356.645 68.0948 281.588
4 356.646 521.888 325.438
5 356.646 3.80152 141.869
6 356.647 369.74 688.727
0 357.662 646.79 346.858
1 357.664 4.9692 120.13
3 357.665 71.0367 291.145
4 357.666 526.665 334.223
0 358.682 650.712 337.659
2 358.683 612.155 525.673
3 358.684 73.9787 300.703
5 358.684 7.573 151.13
6 358.685 362.909 681.424
0 359.698 654.634 328.46
1 359.699 8.39578 129.525
2 359.7 612.788 535.653
3 359.7 76.9206 310.26
4 359.701 536.23 331.305
5 359.701 11.3445 160.392
6 359.702 356.078 674.121
0 360.715 658.556 319.261
1 360.716 11.8224 138.92
3 360.716 79.8626 319.818
4 360.717 545.794 328.386
5 360.718 15.116 169.653
6 360.718 349.247 666.817
0 361.731 662.477 310.062
1 361.732 15.2489 148.314
2 361.733 604.049 540.515
3 361.733 82.8045 329.375
4 361.734 555.359 325.468
5 361.735 18.8874 178.915
6 361.735 342.416 659.514
0 362.748 666.399 300.864
1 362.749 18.6755 157.709
2 362.75 595.31 545.377
3 362.75 85.7464 338.933
4 362.751 564.924 322.549
5 362.751 22.6589 188.176
0 363.773 670.321 291.665
1 363.775 22.1021 167.103
2 363.777 586.572 550.238
3 363.779 88.6884 348.49
4 363.78 574.488 319.63
5 363.781 26.4304 197.438
6 363.782 342.006 669.506
0 364.806 674.243 282.466
1 364.807 25.5287 176.498
3 364.808 91.6303 358.048
5 364.809 30.2019 206.7
6 364.809 341.596 679.497
0 365.825 678.165 273.267
1 365.826 28.9552 185.893
2 365.827 581.28 558.723
4 365.827 572.099 329.341
5 365.828 33.9734 215.961
6 365.828 341.185 689.489
1 366.841 32.3818 195.287
2 366.842 575.988 567.209
3 366.843 82.114 361.12
4 366.843 569.71 339.051
5 366.844 37.7448 225.223
0 367.857 687.789 275.986
1 367.858 35.8084 204.682
2 367.859 570.696 575.694
3 367.859 72.5977 364.193
4 367.86 567.321 348.762
5 367.861 41.5163 234.484
6 367.861 347.769 697.016
0 368.874 697.412 278.704
1 368.875 39.235 214.076
3 368.875 63.0814 367.265
5 368.876 45.2878 243.746
6 368.877 354.352 704.543
1 369.89 42.6615 223.471
2 369.89 568.901 565.856
4 369.891 557.994 352.37
5 369.892 49.0593 253.007
6 369.892 360.936 712.07
0 370.907 695.893 268.82
1 370.907 46.0881 232.866
2 370.908 567.106 556.019
3 370.909 63.0485 377.265
4 370.909 548.668 355.979
5 370.91 52.8308 262.269
0 371.928 694.374 258.936
1 371.929 49.5147 242.26
2 371.93 565.311 546.181
3 371.93 63.0156 387.265
4 371.931 539.342 359.587
5 371.932 56.6022 271.53
6 371.932 370.896 711.176
0 372.945 692.854 249.052
1 372.946 52.9413 251.655
2 372.947 563.515 536.344
4 372.947 530.016 363.196
5 372.948 60.3737 280.792
6 372.948 380.856 710.282
1 373.961 56.3678 261.049
3 373.962 72.9482 386.106
4 373.963 520.689 366.804
5 373.964 64.1452 290.053
0 374.979 696.542 239.757
1 374.979 59.7944 270.444
2 374.98 567.763 527.291
3 374.981 82.8808 384.947
4 374.981 511.363 370.413
5 374.982 67.9167 299.315
6 374.982 388.317 716.941
0 375.995 700.23 230.462
1 375.996 63.221 279.839
2 375.996 572.011 518.238
3 375.997 92.8135 383.788
4 375.997 502.037 374.021
5 375.998 71.6882 308.576
6 375.999 395.778 723.599
1 377.012 66.6476 289.233
4 377.013 492.711 377.63
5 377.014 75.4596 317.838
6 377.015 403.239 730.257
0 378.03 696.233 221.295
1 378.031 70.0742 298.628
2 378.032 563.733 512.628
3 378.033 102.62 385.747
4 378.034 483.384 381.238
5 378.035 79.2311 327.099
6 378.035 410.7 736.916
0 379.053 692.236 212.129
1 379.054 73.5007 308.022
2 379.056 555.455 507.019
3 379.057 112.426 387.706
5 379.059 83.0026 336.361
6 379.06 418.161 743.574
0 380.079 688.239 202.962
1 380.081 76.9273 317.417
2 380.082 547.176 501.409
3 380.083 122.232 389.665
4 380.083 486.943 390.584
5 380.084 86.7741 345.622
6 380.085 425.622 750.232
1 381.098 80.3539 326.812
3 381.1 132.039 391.624
4 381.101 490.502 399.929
5 381.102 90.5456 354.884
0 382.114 697.962 200.621
1 382.114 83.7805 336.206
2 382.115 545.772 511.31
3 382.115 141.845 393.583
4 382.116 494.061 409.274
6 382.117 415.969 747.621
0 383.129 707.684 198.28
1 383.13 87.207 345.601
2 383.131 544.367 521.211
3 383.131 151.651 395.542
4 383.132 497.62 418.619
5 383.133 99.6691 358.978
6 383.133 406.315 745.011
0 384.15 717.406 195.939
1 384.152 90.6336 354.995
2 384.153 542.963 531.112
3 384.154 161.457 397.501
4 384.155 501.178 427.965
5 384.156 108.793 363.072
6 384.156 396.662 742.4
2 385.17 541.559 541.012
3 385.17 171.264 399.459
4 385.171 504.737 437.31
5 385.171 117.916 367.166
6 385.172 387.009 739.789
0 386.185 708.25 191.918
1 386.186 94.3238 364.29
2 386.187 540.154 550.913
3 386.187 181.07 401.418
5 386.188 127.04 371.26
6 386.189 377.356 737.178
0 387.201 699.094 187.898
1 387.202 98.0139 373.584
3 387.203 190.876 403.377
4 387.203 514.105 440.809
5 387.204 136.163 375.354
0 388.219 689.938 183.877
1 388.22 101.704 382.878
2 388.221 530.154 550.942
3 388.222 200.682 405.336
4 388.223 523.473 444.309
5 388.224 145.287 379.448
6 388.224 367.356 737.108
0 389.237 680.781 179.856
1 389.238 105.394 392.172
2 389.239 520.154 550.971
5 389.239 154.41 383.542
6 389.24 357.356 737.038
0 390.252 671.625 175.835
1 390.253 109.084 401.467
2 390.254 510.154 551
3 390.254 198.562 415.109
4 390.255 532.235 449.128
5 390.255 163.534 387.636
6 390.256 347.357 736.967
1 391.269 112.775 410.761
3 391.269 196.441 424.881
4 391.27 540.997 453.948
5 391.271 172.657 391.73
0 392.283 667.642 185.008
1 392.284 116.465 420.055
2 392.285 500.8 554.535
3 392.285 194.321 434.654
4 392.286 549.759 458.767
5 392.287 181.781 395.824
6 392.287 338.03 740.574
0 393.299 663.659 194.18
1 393.3 120.155 429.349
2 393.301 491.446 558.07
3 393.302 192.2 444.426
4 393.302 558.521 463.586
5 393.303 190.904 399.918
6 393.303 328.703 744.181
1 394.317 123.845 438.644
2 394.318 482.091 561.605
3 394.319 190.08 454.199
4 394.319 567.283 468.406
5 394.32 200.028 404.013
6 394.321 319.376 747.788
0 395.333 662.549 204.119
1 395.334 127.535 447.938
2 395.335 472.737 565.14
3 395.335 187.959 463.972
4 395.336 576.045 473.225
0 396.349 661.44 214.057
1 396.35 131.225 457.232
2 396.35 463.383 568.675
3 396.351 185.839 473.744
5 396.352 197.415 413.665
6 396.352 310.973 742.368
1 397.365 134.916 466.526
2 397.366 454.028 572.21
4 397.367 566.045 473.181
5 397.367 194.802 423.318
6 397.368 302.569 736.947
0 398.384 658.116 223.488
1 398.386 138.606 475.82
2 398.387 444.674 575.745
3 398.388 184.627 483.67
4 398.389 556.045 473.137
5 398.391 192.189 432.97
6 398.392 294.166 731.527
0 399.413 654.791 232.919
1 399.414 142.296 485.115
3 399.415 183.415 493.597
4 399.417 546.045 473.093
5 399.418 189.576 442.623
0 400.437 651.466 242.35
1 400.438 145.986 494.409
2 400.439 443.532 585.68
4 400.44 536.046 473.049
5 400.441 186.963 452.276
6 400.443 284.774 734.962
1 401.459 149.676 503.703
2 401.46 442.389 595.614
3 401.461 183.655 503.594
4 401.462 526.046 473.005
5 401.462 184.351 461.928
6 401.463 275.383 738.397
0 402.476 647.114 251.354
3 402.477 183.894 513.591
5 402.478 181.738 471.581
0 403.49 642.761 260.357
1 403.491 156.097 511.37
2 403.491 443.076 605.591
4 403.492 522.042 482.168
5 403.493 179.125 481.233
6 403.493 279.807 729.429
1 404.51 162.518 519.036
2 404.511 443.764 615.567
3 404.513 184.366 523.58
4 404.514 518.039 491.332
6 404.516 284.23 720.46
0 405.535 635.058 253.98
3 405.537 184.838 533.569
4 405.539 514.036 500.496
5 405.541 176.844 490.97
6 405.542 288.654 711.492
0 406.555 627.354 247.604
1 406.555 157.099 527.44
2 406.556 439.659 606.448
5 406.557 174.564 500.706
6 406.557 293.078 702.524
0 407.57 619.651 241.228
1 407.571 151.679 535.845
2 407.572 435.554 597.33
3 407.572 183.636 543.496
4 407.573 510.825 491.025
5 407.573 172.283 510.443
6 407.574 297.502 693.556
2 408.587 431.449 588.211
3 408.589 182.433 553.424
4 408.59 507.614 481.555
5 408.592 170.003 520.179
6 408.593 301.926 684.587
0 409.608 614.159 249.585
1 409.61 156.229 544.75
2 409.611 427.344 579.092
4 409.612 504.402 472.085
5 409.613 167.722 529.916
6 409.614 306.349 675.619
0 410.627 608.667 257.942
1 410.628 160.78 553.654
2 410.628 423.239 569.974
3 410.629 191.781 556.976
4 410.63 501.191 462.614
6 410.63 310.773 666.651
2 411.648 419.134 560.855
3 411.65 201.129 560.529
5 411.651 175.302 536.439
6 411.653 315.197 657.682
0 412.675 599.447 254.069
1 412.675 165.529 562.454
4 412.676 492.858 468.143
5 412.677 182.881 542.963
6 412.677 319.621 648.714
0 413.691 590.228 250.196
1 413.692 170.279 571.254
2 413.692 411.143 566.866
3 413.693 204.801 569.83
4 413.693 484.525 473.671
5 413.694 190.46 549.486
0 414.712 581.008 246.323
1 414.713 175.029 580.054
2 414.715 403.151 572.878
3 414.716 208.473 579.131
4 414.718 476.192 479.199
5 414.72 198.04 556.009
6 414.721 310.003 645.977
2 415.742 395.159 578.889
5 415.744 205.619 562.533
6 415.745 300.385 643.24
0 416.758 571.79 250.2
1 416.759 181.474 587.7
3 416.76 210.942 588.822
4 416.76 479.796 488.528
6 416.761 290.766 640.503
0 417.781 562.572 254.077
1 417.783 187.92 595.346
2 417.784 386.818 573.374
3 417.785 213.412 598.512
4 417.786 483.399 497.856
5 417.787 201.898 571.815
2 418.805 378.476 567.859
3 418.805 215.882 608.202
5 418.807 198.177 581.097
6 418.809 287.271 649.872
0 419.822 552.947 256.789
1 419.823 187.587 605.34
2 419.823 370.134 562.344
3 419.824 218.351 617.892
4 419.824 488.702 506.334
5 419.825 194.456 590.379
6 419.825 283.775 659.241
0 420.84 543.322 259.501
1 420.843 187.255 615.335
2 420.844 361.792 556.829
3 420.845 220.821 627.583
4 420.845 494.006 514.812
5 420.846 190.735 599.66
6 420.848 280.28 668.61
0 421.867 533.697 262.212
1 421.867 186.923 625.329
2 421.868 353.45 551.314
3 421.868 223.29 637.273
3 422.882 225.76 646.963
4 422.882 503.233 518.666
5 422.883 186.001 608.469
6 422.884 289.501 664.742
0 423.897 536.431 252.593
1 423.898 196.899 624.648
2 423.899 359.925 543.693
3 423.899 228.23 656.654
4 423.9 512.46 522.521
5 423.901 181.266 617.277
6 423.902 298.723 660.873
0 424.919 539.165 242.975
1 424.921 206.876 623.967
2 424.922 366.399 536.072
3 424.924 230.699 666.344
5 424.925 176.531 626.085
6 424.927 307.944 657.005
0 425.95 541.899 233.356
1 425.951 216.853 623.286
2 425.953 372.874 528.451
3 425.955 233.169 676.034
4 425.956 502.997 519.287
5 425.957 171.796 634.893
6 425.959 317.166 653.136
1 426.978 226.83 622.605
2 426.978 379.348 520.83
3 426.979 235.638 685.724
4 426.98 493.535 516.054
5 426.981 167.062 643.701
6 426.981 326.387 649.267
0 427.994 536.444 224.974
1 427.995 236.806 621.924
2 427.995 385.823 513.209
3 427.996 238.108 695.415
4 427.997 484.072 512.82
5 427.997 162.327 652.509
6 427.998 335.608 645.399
0 429.011 530.989 216.593
1 429.012 246.783 621.243
3 429.013 240.578 705.105
4 429.014 474.609 509.586
5 429.014 157.592 661.317
6 429.015 344.83 641.53
0 430.025 525.535 208.212
1 430.026 256.76 620.562
2 430.026 395.119 516.894
3 430.027 243.047 714.795
4 430.028 465.146 506.352
5 430.028 152.858 670.125
6 430.029 354.051 637.662
1 431.042 266.737 619.881
2 431.043 404.415 520.579
3 431.044 245.517 724.485
4 431.044 455.684 503.119
