0 5.802 367.929 367.929
1 5.804 367.834 381.975
2 5.805 381.975 367.834
3 5.806 382.147 381.994
4 5.807 374.866 384.999
0 6.836 360.858 360.858
1 6.838 360.668 388.95
2 6.839 388.949 360.668
3 6.841 389.294 388.988
4 6.843 374.733 394.998
0 7.884 353.787 353.787
1 7.886 353.502 395.925
2 7.886 395.924 353.501
3 7.887 396.441 395.983
4 7.888 374.599 404.997
0 8.916 346.716 346.716
1 8.917 346.336 402.9
2 8.918 402.898 346.335
3 8.918 403.588 402.977
4 8.919 374.465 414.996
0 9.946 339.645 339.645
1 9.946 339.17 409.874
2 9.947 409.873 339.169
3 9.949 410.735 409.971
4 9.951 374.332 424.996
0 10.975 332.574 332.574
1 10.976 332.004 416.849
2 10.977 416.848 332.003
3 10.978 417.883 416.965
4 10.98 374.198 434.995
0 12.006 325.503 325.503
1 12.008 324.838 423.824
2 12.009 423.822 324.836
3 12.011 425.03 423.96
4 12.012 374.064 444.994
0 13.043 318.431 318.431
1 13.046 317.672 430.799
2 13.048 430.797 317.67
3 13.05 432.177 430.954
4 13.052 373.931 454.993
0 14.103 311.36 311.36
1 14.105 310.506 437.774
2 14.106 437.772 310.504
3 14.106 439.324 437.948
4 14.107 373.797 464.992
0 15.135 304.289 304.289
1 15.136 303.34 444.749
2 15.137 444.746 303.338
3 15.138 446.471 444.942
4 15.138 373.663 474.991
0 16.169 297.218 297.218
1 16.17 296.174 451.724
2 16.172 451.721 296.172
3 16.173 453.618 451.936
4 16.174 373.53 484.99
0 17.208 290.147 290.147
1 17.21 289.008 458.699
2 17.211 458.695 289.005
3 17.212 460.765 458.931
4 17.212 373.396 494.989
0 18.237 283.076 283.076
1 18.238 281.842 465.673
2 18.239 465.67 281.839
3 18.24 467.912 465.925
4 18.242 373.262 504.988
0 19.27 276.005 276.005
1 19.271 274.676 472.648
2 19.272 472.645 274.673
3 19.274 475.059 472.919
4 19.276 373.129 514.987
0 20.303 268.934 268.934
1 20.305 267.51 479.623
2 20.306 479.619 267.507
3 20.307 482.206 479.913
4 20.309 372.995 524.987
0 21.353 261.863 261.863
1 21.355 260.345 486.598
2 21.356 486.594 260.34
3 21.358 489.354 486.907
4 21.359 372.861 534.986
0 22.4 254.792 254.792
1 22.401 253.179 493.573
2 22.402 493.568 253.174
3 22.404 496.501 493.902
4 22.405 372.727 544.985
0 23.429 247.721 247.721
1 23.431 246.013 500.548
2 23.433 500.543 246.008
3 23.434 503.648 500.896
4 23.435 372.594 554.984
0 24.46 240.65 240.65
1 24.461 238.847 507.523
2 24.462 507.518 238.842
3 24.463 510.795 507.89
4 24.465 372.46 564.983
0 25.49 233.579 233.579
1 25.491 231.681 514.498
2 25.492 514.492 231.676
3 25.494 517.942 514.884
4 25.495 372.326 574.982
0 26.519 226.508 226.508
1 26.52 224.515 521.472
2 26.521 521.467 224.509
3 26.523 525.089 521.879
4 26.524 372.193 584.981
0 27.549 219.437 219.437
1 27.55 217.349 528.447
2 27.551 528.441 217.343
3 27.553 532.236 528.873
4 27.554 372.059 594.98
0 28.582 212.365 212.365
1 28.584 210.183 535.422
2 28.584 535.416 210.177
3 28.585 539.383 535.867
4 28.586 371.925 604.979
0 29.616 205.294 205.294
1 29.617 203.017 542.397
2 29.618 542.391 203.011
3 29.618 546.53 542.861
4 29.619 371.792 614.979
0 30.647 198.223 198.223
1 30.648 195.851 549.372
2 30.648 549.365 195.844
3 30.649 553.677 549.855
4 30.649 371.658 624.978
0 31.677 191.152 191.152
1 31.678 188.685 556.347
2 31.679 556.34 188.678
3 31.68 560.824 556.85
4 31.68 371.524 634.977
0 32.708 184.081 184.081
1 32.709 181.519 563.322
2 32.71 563.315 181.512
3 32.71 567.972 563.844
4 32.711 371.391 644.976
0 33.738 177.01 177.01
1 33.739 174.353 570.297
2 33.74 570.289 174.346
3 33.741 575.119 570.838
4 33.741 371.257 654.975
0 34.769 169.939 169.939
1 34.771 167.187 577.271
2 34.772 577.264 167.18
3 34.773 582.266 577.832
4 34.773 371.123 664.974
0 35.8 162.868 162.868
1 35.801 160.021 584.246
2 35.802 584.238 160.013
3 35.803 589.413 584.826
4 35.805 370.99 674.973
0 36.831 155.797 155.797
1 36.832 152.855 591.221
2 36.833 591.213 152.847
3 36.835 596.56 591.821
4 36.836 370.856 684.972
0 37.86 148.726 148.726
1 37.861 145.689 598.196
2 37.862 598.188 145.681
3 37.864 603.707 598.815
4 37.866 370.722 694.971
0 38.89 141.655 141.655
1 38.891 138.523 605.171
2 38.892 605.162 138.515
3 38.894 610.854 605.809
4 38.895 370.589 704.971
0 39.922 134.584 134.584
1 39.923 131.357 612.146
2 39.924 612.137 131.348
3 39.925 618.001 612.803
4 39.925 370.455 714.97
0 40.956 127.513 127.513
1 40.957 124.191 619.121
2 40.958 619.111 124.182
3 40.96 625.148 619.798
4 40.961 370.321 724.969
0 41.985 120.442 120.442
1 41.987 117.025 626.096
2 41.988 626.086 117.016
3 41.989 632.295 626.792
4 41.99 370.188 734.968
0 43.018 113.37 113.37
1 43.019 109.859 633.07
2 43.02 633.061 109.85
3 43.022 639.442 633.786
4 43.025 370.054 744.967
0 44.063 106.299 106.299
1 44.064 102.693 640.045
2 44.065 640.035 102.683
3 44.066 646.59 640.78
0 46.32 99.2284 99.2284
1 46.321 95.5272 647.02
2 46.322 647.01 95.5173
3 46.324 653.737 647.774
4 46.325 374.727 736.126
0 47.35 92.1573 92.1573
1 47.351 88.3613 653.995
2 47.352 653.985 88.351
3 47.353 660.884 654.769
4 47.353 379.401 727.285
0 48.382 85.0862 85.0862
1 48.384 81.1953 660.97
2 48.385 660.959 81.1848
3 48.386 668.031 661.763
4 48.388 384.074 718.445
0 49.433 78.0152 78.0152
1 49.435 74.0293 667.945
2 49.436 667.934 74.0186
3 49.438 675.178 668.757
4 49.44 388.748 709.604
0 50.49 70.9441 70.9441
1 50.491 66.8634 674.92
2 50.492 674.908 66.8524
3 50.493 682.325 675.751
4 50.495 393.421 700.763
0 51.52 63.873 63.873
1 51.521 59.6974 681.895
2 51.522 681.883 59.6861
3 51.524 689.472 682.745
4 51.526 398.094 691.922
0 52.553 56.8019 56.8019
1 52.555 52.5314 688.869
2 52.557 688.858 52.5199
3 52.559 696.619 689.74
4 52.561 402.768 683.082
0 53.592 49.7309 49.7309
1 53.592 45.3654 695.844
2 53.593 695.832 45.3537
3 53.594 703.766 696.734
4 53.594 407.441 674.241
0 54.622 42.6598 42.6598
1 54.623 38.1995 702.819
2 54.624 702.807 38.1875
3 54.624 710.913 703.728
4 54.625 412.115 665.4
0 55.652 35.5887 35.5887
1 55.653 31.0335 709.794
2 55.654 709.781 31.0213
3 55.654 718.061 710.722
4 55.655 416.788 656.559
0 56.682 28.5177 28.5177
1 56.683 23.8675 716.769
2 56.684 716.756 23.855
3 56.684 725.208 717.717
4 56.685 421.461 647.718
0 57.707 21.4466 21.4466
1 57.708 16.7016 723.744
2 57.709 723.731 16.6888
3 57.709 732.355 724.711
4 57.71 426.135 638.878
0 58.736 14.3755 14.3755
1 58.738 9.53561 730.719
2 58.739 730.705 9.52258
3 58.739 739.502 731.705
4 58.74 430.808 630.037
0 59.768 7.30447 7.30447
1 59.768 2.36964 737.694
2 59.769 737.68 2.35636
3 59.771 746.649 738.699
4 59.773 435.482 621.196
0 60.799 0.233406 0.233406
4 64.962 440.155 612.355
1 67.158 2.33592 727.694
2 67.159 727.68 2.32258
3 67.159 736.649 738.801
4 67.16 444.829 603.515
0 68.185 3.9658 9.51076
1 68.186 2.30219 717.694
2 68.187 717.68 2.28881
3 68.189 726.65 738.903
4 68.19 449.502 594.674
0 69.214 7.6982 18.7881
1 69.215 2.26847 707.694
2 69.216 707.68 2.25504
3 69.218 716.65 739.005
4 69.219 454.175 585.833
0 70.243 11.4306 28.0655
1 70.244 2.23475 697.694
2 70.245 697.68 2.22126
3 70.247 706.651 739.107
4 70.248 458.849 576.992
0 71.272 15.163 37.3428
1 71.273 2.20103 687.694
2 71.274 687.68 2.18749
3 71.275 696.651 739.209
4 71.276 463.522 568.152
0 72.3 18.8954 46.6202
1 72.301 2.16731 677.694
2 72.302 677.68 2.15371
3 72.303 686.652 739.31
4 72.303 468.196 559.311
0 73.33 22.6278 55.8975
1 73.331 2.13358 667.694
2 73.332 667.68 2.11994
3 73.334 676.653 739.412
4 73.335 472.869 550.47
0 74.36 26.3602 65.1749
1 74.361 2.09986 657.694
2 74.362 657.68 2.08617
3 74.365 666.653 739.514
4 74.366 477.542 541.629
0 75.396 30.0926 74.4522
1 75.398 2.06614 647.694
2 75.4 647.68 2.05239
3 75.402 656.654 739.616
4 75.404 482.216 532.788
0 76.45 33.825 83.7296
1 76.452 2.03242 637.694
2 76.454 637.68 2.01862
3 76.455 646.654 739.718
4 76.455 486.889 523.948
0 77.481 37.5574 93.0069
1 77.482 1.9987 627.694
2 77.482 627.681 1.98484
3 77.484 636.655 739.82
4 77.485 491.563 515.107
0 78.511 41.2898 102.284
1 78.512 1.96497 617.694
2 78.512 617.681 1.95107
3 78.514 626.655 739.922
4 78.516 496.236 506.266
0 79.543 45.0222 111.562
1 79.545 1.93125 607.694
2 79.547 607.681 1.9173
3 79.548 616.656 740.023
4 79.55 500.909 497.425
0 80.58 48.7545 120.839
1 80.581 1.89753 597.694
2 80.581 597.681 1.88352
3 80.583 606.656 740.125
4 80.585 505.583 488.585
0 81.612 52.4869 130.116
1 81.614 1.86381 587.694
2 81.615 587.681 1.84975
3 81.617 596.657 740.227
4 81.618 510.256 479.744
0 82.651 56.2193 139.394
1 82.651 1.83009 577.694
2 82.652 577.681 1.81597
3 82.652 586.657 740.329
4 82.653 514.93 470.903
0 83.68 59.9517 148.671
1 83.681 1.79636 567.695
2 83.682 567.681 1.7822
3 83.682 576.658 740.431
4 83.684 519.603 462.062
0 84.708 63.6841 157.948
1 84.709 1.76264 557.695
2 84.71 557.681 1.74843
3 84.711 566.658 740.533
4 84.711 524.276 453.222
0 85.737 67.4165 167.226
1 85.737 1.72892 547.695
2 85.738 547.681 1.71465
3 85.739 556.659 740.635
4 85.739 528.95 444.381
0 86.764 71.1489 176.503
1 86.765 1.6952 537.695
2 86.766 537.681 1.68088
3 86.768 546.659 740.737
4 86.769 533.623 435.54
0 87.793 74.8813 185.78
1 87.793 1.66148 527.695
2 87.794 527.681 1.6471
3 87.796 536.66 740.838
4 87.798 538.297 426.699
0 88.821 78.6137 195.058
1 88.822 1.62775 517.695
2 88.823 517.681 1.61333
3 88.823 526.66 740.94
4 88.824 542.97 417.858
0 89.852 82.3461 204.335
1 89.853 1.59403 507.695
2 89.854 507.681 1.57956
3 89.856 516.661 741.042
4 89.857 547.644 409.018
0 90.881 86.0785 213.612
1 90.881 1.56031 497.695
2 90.882 497.681 1.54578
3 90.883 506.661 741.144
4 90.883 552.317 400.177
0 91.91 89.8109 222.89
1 91.912 1.52659 487.695
2 91.912 487.681 1.51201
3 91.913 496.662 741.246
4 91.914 556.99 391.336
0 92.94 93.5433 232.167
1 92.942 1.49287 477.695
2 92.944 477.681 1.47823
3 92.946 486.662 741.348
4 92.947 561.664 382.495
0 93.976 97.2757 241.445
1 93.979 1.45914 467.695
2 93.981 467.681 1.44446
3 93.982 476.663 741.45
4 93.984 566.337 373.655
0 95.024 101.008 250.722
1 95.025 1.42542 457.695
2 95.026 457.682 1.41069
3 95.026 466.663 741.552
4 95.028 571.011 364.814
0 96.052 104.74 259.999
1 96.054 1.3917 447.695
2 96.056 447.682 1.37691
3 96.057 456.664 741.653
4 96.059 575.684 355.973
0 97.086 108.473 269.277
1 97.088 1.35798 437.695
2 97.089 437.682 1.34314
3 97.09 446.664 741.755
4 97.09 580.357 347.132
0 98.117 112.205 278.554
1 98.119 1.32426 427.695
2 98.121 427.682 1.30936
3 98.124 436.665 741.857
4 98.126 585.031 338.291
0 99.169 115.938 287.831
1 99.17 1.29053 417.695
2 99.171 417.682 1.27559
3 99.173 426.665 741.959
4 99.175 589.704 329.451
0 100.199 119.67 297.109
1 100.2 1.25681 407.695
2 100.202 407.682 1.24182
3 100.205 416.666 742.061
4 100.206 594.378 320.61
0 101.229 123.402 306.386
1 101.23 1.22309 397.695
2 101.231 397.682 1.20804
3 101.233 406.667 742.163
4 101.235 599.051 311.769
0 102.261 127.135 315.663
1 102.262 1.18937 387.696
2 102.263 387.682 1.17427
3 102.265 396.667 742.265
4 102.266 603.724 302.928
0 103.291 130.867 324.941
1 103.292 1.15565 377.696
2 103.293 377.682 1.14049
3 103.294 386.668 742.366
4 103.295 608.398 294.088
0 104.318 134.6 334.218
1 104.319 1.12192 367.696
2 104.32 367.682 1.10672
3 104.321 376.668 742.468
4 104.323 613.071 285.247
0 105.346 138.332 343.495
1 105.347 1.0882 357.696
2 105.348 357.682 1.07295
3 105.349 366.669 742.57
4 105.349 617.745 276.406
0 106.376 142.064 352.773
1 106.376 1.05448 347.696
2 106.377 347.682 1.03917
3 106.379 356.669 742.672
4 106.381 622.418 267.565
0 107.404 145.797 362.05
1 107.405 1.02076 337.696
2 107.405 337.682 1.0054
3 107.407 346.67 742.774
4 107.409 627.092 258.725
0 108.432 149.529 371.327
1 108.432 0.987035 327.696
2 108.434 327.682 0.971624
3 108.436 336.67 742.876
4 108.437 631.765 249.884
0 109.46 153.262 380.605
1 109.462 0.953313 317.696
2 109.464 317.682 0.93785
3 109.465 326.671 742.978
4 109.465 636.438 241.043
0 110.491 156.994 389.882
1 110.492 0.919591 307.696
2 110.494 307.682 0.904076
3 110.495 316.671 743.08
4 110.497 641.112 232.202
0 111.524 160.726 399.159
1 111.525 0.885869 297.696
2 111.527 297.682 0.870302
3 111.528 306.672 743.181
4 111.532 645.785 223.361
0 112.561 164.459 408.437
1 112.562 0.852147 287.696
2 112.564 287.682 0.836528
3 112.566 296.672 743.283
4 112.571 650.459 214.521
0 113.612 168.191 417.714
1 113.613 0.818425 277.696
2 113.614 277.683 0.802754
3 113.614 286.673 743.385
4 113.615 655.132 205.68
0 114.642 171.924 426.992
1 114.643 0.784703 267.696
2 114.644 267.683 0.76898
3 114.644 276.673 743.487
4 114.645 659.805 196.839
0 115.675 175.656 436.269
1 115.676 0.750981 257.696
2 115.678 257.683 0.735206
3 115.679 266.674 743.589
4 115.68 664.479 187.998
0 116.724 179.388 445.546
1 116.725 0.717259 247.696
2 116.725 247.683 0.701432
3 116.726 256.674 743.691
4 116.727 669.152 179.158
0 117.754 183.121 454.824
1 117.756 0.683537 237.696
2 117.757 237.683 0.667658
3 117.758 246.675 743.793
4 117.759 673.826 170.317
0 118.782 186.853 464.101
1 118.784 0.649815 227.696
2 118.785 227.683 0.633884
3 118.787 236.675 743.895
4 118.787 678.499 161.476
0 119.811 190.586 473.378
1 119.814 0.616093 217.697
2 119.815 217.683 0.60011
3 119.815 226.676 743.996
4 119.816 683.172 152.635
0 120.841 194.318 482.656
1 120.843 0.582371 207.697
2 120.844 207.683 0.566336
3 120.845 216.676 744.098
4 120.846 687.846 143.795
0 121.87 198.05 491.933
1 121.871 0.548649 197.697
2 121.872 197.683 0.532562
3 121.873 206.677 744.2
4 121.873 692.519 134.954
0 122.899 201.783 501.21
1 122.901 0.514927 187.697
2 122.902 187.683 0.498788
3 122.902 196.677 744.302
4 122.903 697.193 126.113
0 123.927 205.515 510.488
1 123.928 0.481205 177.697
2 123.929 177.683 0.465014
3 123.93 186.678 744.404
4 123.932 701.866 117.272
0 124.957 209.248 519.765
1 124.959 0.447483 167.697
2 124.96 167.683 0.43124
3 124.961 176.678 744.506
4 124.961 706.54 108.431
0 125.988 212.98 529.042
1 125.989 0.413761 157.697
2 125.99 157.683 0.397466
3 125.992 166.679 744.608
4 125.995 711.213 99.5907
0 127.032 216.712 538.32
1 127.033 0.380039 147.697
2 127.034 147.683 0.363692
3 127.034 156.68 744.709
4 127.035 715.886 90.7499
0 128.064 220.445 547.597
1 128.065 0.346317 137.697
2 128.066 137.683 0.329918
3 128.068 146.68 744.811
4 128.069 720.56 81.9091
0 129.096 224.177 556.874
1 129.098 0.312595 127.697
2 129.1 127.683 0.296144
3 129.1 136.681 744.913
4 129.101 725.233 73.0684
0 130.12 227.91 566.152
1 130.121 0.278873 117.697
2 130.122 117.683 0.26237
3 130.122 126.681 745.015
4 130.123 729.907 64.2276
0 131.153 231.642 575.429
1 131.155 0.245151 107.697
2 131.156 107.684 0.228596
3 131.156 116.682 745.117
4 131.157 734.58 55.3868
0 132.181 235.374 584.706
1 132.182 0.211429 97.6972
2 132.184 97.6836 0.194822
3 132.185 106.682 745.219
4 132.186 739.253 46.5461
0 133.209 239.107 593.984
1 133.21 0.177707 87.6972
2 133.212 87.6836 0.161048
3 133.214 96.6826 745.321
4 133.215 743.927 37.7053
0 134.241 242.839 603.261
1 134.243 0.143985 77.6973
2 134.244 77.6837 0.127274
3 134.248 86.6831 745.423
4 134.249 748.6 28.8645
0 135.28 246.572 612.539
1 135.28 0.110263 67.6974
2 135.282 67.6837 0.0934996
3 135.284 76.6837 745.524
0 137.345 250.304 621.816
1 137.345 0.0765407 57.6974
2 137.347 57.6838 0.0597256
3 137.348 66.6842 745.626
4 137.349 748.591 38.8645
0 138.377 254.036 631.093
1 138.379 0.0428187 47.6975
2 138.381 47.6838 0.0259516
3 138.383 56.6847 745.728
4 138.385 748.582 48.8645
0 139.43 257.769 640.371
1 139.432 0.00909668 37.6975
2 139.434 37.6839 -0.00782244
3 139.435 46.6852 745.83
4 139.435 748.574 58.8645
0 140.458 261.501 649.648
3 142.422 36.6857 745.932
4 142.422 748.565 68.8645
0 143.447 265.233 658.925
1 143.449 10.0087 37.6125
2 143.45 41.3588 9.29246
3 143.45 26.6863 746.034
4 143.451 748.556 78.8645
0 144.476 268.966 668.203
1 144.476 20.0084 37.5275
2 144.477 45.0337 18.5927
4 145.364 748.547 88.8645
0 146.388 272.698 677.48
1 146.389 30.008 37.4424
2 146.391 48.7085 27.893
3 146.392 26.7585 736.034
4 146.393 748.538 98.8645
0 147.422 276.431 686.757
1 147.422 40.0077 37.3574
2 147.423 52.3834 37.1933
3 147.425 26.8308 726.034
4 147.427 748.529 108.864
0 148.45 280.163 696.035
1 148.451 50.0073 37.2724
2 148.452 56.0583 46.4936
3 148.454 26.903 716.035
4 148.456 748.52 118.864
0 149.479 283.895 705.312
1 149.482 60.0069 37.1873
2 149.484 59.7332 55.7939
3 149.484 26.9753 706.035
4 149.485 748.511 128.864
0 150.508 287.628 714.589
1 150.509 70.0066 37.1023
2 150.511 63.4081 65.0941
3 150.513 27.0475 696.035
4 150.514 748.502 138.864
1 152.196 80.0062 37.0172
2 152.197 67.083 74.3944
3 152.197 27.1198 686.035
4 152.198 748.494 148.864
0 153.222 289.753 704.818
1 153.223 90.0058 36.9322
2 153.225 70.7578 83.6947
3 153.227 27.192 676.036
4 153.228 748.485 158.864
0 154.251 291.878 695.046
1 154.252 100.005 36.8472
2 154.253 74.4327 92.995
3 154.255 27.2643 666.036
4 154.257 748.476 168.864
0 155.28 294.004 685.275
1 155.281 110.005 36.7621
2 155.282 78.1076 102.295
3 155.284 27.3365 656.036
4 155.285 748.467 178.864
0 156.307 296.129 675.503
1 156.308 120.005 36.6771
2 156.309 81.7825 111.596
3 156.311 27.4088 646.036
4 156.313 748.458 188.864
0 157.335 298.254 665.732
1 157.336 130.004 36.5921
2 157.337 85.4574 120.896
3 157.339 27.481 636.037
4 157.34 748.449 198.864
0 158.363 300.38 655.96
1 158.364 140.004 36.507
2 158.365 89.1323 130.196
3 158.367 27.5533 626.037
4 158.368 748.44 208.864
0 159.39 302.505 646.189
1 159.391 150.004 36.422
2 159.392 92.8071 139.496
3 159.392 27.6255 616.037
4 159.393 748.431 218.864
0 160.422 304.63 636.417
1 160.423 160.003 36.337
2 160.425 96.482 148.797
3 160.426 27.6978 606.037
4 160.428 748.422 228.864
0 161.451 306.756 626.645
1 161.451 170.003 36.2519
2 161.452 100.157 158.097
3 161.454 27.77 596.038
4 161.456 748.414 238.864
0 162.481 308.881 616.874
1 162.483 180.003 36.1669
2 162.484 103.832 167.397
3 162.486 27.8423 586.038
4 162.488 748.405 248.864
0 163.519 311.006 607.102
1 163.52 190.002 36.0819
2 163.52 107.507 176.698
3 163.522 27.9145 576.038
4 163.524 748.396 258.864
0 164.546 313.131 597.331
1 164.548 200.002 35.9968
2 164.55 111.182 185.998
3 164.551 27.9868 566.038
4 164.551 748.387 268.864
0 165.574 315.257 587.559
1 165.575 210.002 35.9118
2 165.576 114.856 195.298
3 165.576 28.059 556.039
4 165.578 748.378 278.864
0 166.604 317.382 577.788
1 166.605 220.001 35.8267
2 166.606 118.531 204.598
3 166.607 28.1313 546.039
4 166.607 748.369 288.864
0 167.634 319.507 568.016
1 167.635 230.001 35.7417
2 167.635 122.206 213.899
3 167.636 28.2035 536.039
4 167.636 748.36 298.864
0 168.662 321.633 558.245
1 168.663 240 35.6567
2 168.664 125.881 223.199
3 168.664 28.2758 526.04
4 168.665 748.351 308.864
0 169.691 323.758 548.473
1 169.692 250 35.5716
2 169.692 129.556 232.499
3 169.693 28.348 516.04
4 169.694 748.342 318.864
0 170.72 325.883 538.702
1 170.72 260 35.4866
2 170.721 133.231 241.8
3 170.722 28.4203 506.04
4 170.722 748.334 328.864
0 171.748 328.008 528.93
1 171.749 269.999 35.4016
2 171.75 136.906 251.1
3 171.75 28.4925 496.04
4 171.751 748.325 338.864
0 172.78 330.134 519.158
1 172.782 279.999 35.3165
2 172.784 140.581 260.4
3 172.785 28.5648 486.041
4 172.787 748.316 348.864
0 173.828 332.259 509.387
1 173.831 289.999 35.2315
2 173.833 144.255 269.7
3 173.834 28.637 476.041
4 173.835 748.307 358.864
0 174.858 334.384 499.615
1 174.861 299.998 35.1465
2 174.863 147.93 279.001
3 174.864 28.7093 466.041
4 174.865 748.298 368.864
0 175.887 336.51 489.844
1 175.888 309.998 35.0614
2 175.888 151.605 288.301
3 175.89 28.7815 456.041
4 175.892 748.289 378.864
0 176.916 338.635 480.072
1 176.917 319.998 34.9764
2 176.918 155.28 297.601
3 176.919 28.8538 446.042
4 176.921 748.28 388.864
0 177.945 340.76 470.301
1 177.947 329.997 34.8913
2 177.95 158.955 306.901
3 177.952 28.926 436.042
4 177.952 748.271 398.864
0 178.975 342.886 460.529
1 178.976 339.997 34.8063
2 178.979 162.63 316.202
3 178.98 28.9983 426.042
4 178.98 748.262 408.864
0 180.003 345.011 450.758
1 180.004 349.996 34.7213
2 180.004 166.305 325.502
3 180.005 29.0705 416.042
4 180.006 748.254 418.864
0 181.037 347.136 440.986
1 181.038 359.996 34.6362
2 181.038 169.98 334.802
3 181.039 29.1428 406.043
4 181.04 748.245 428.864
0 182.069 349.261 431.215
1 182.07 369.996 34.5512
2 182.072 173.655 344.103
3 182.074 29.215 396.043
4 182.076 748.236 438.864
0 183.103 351.387 421.443
1 183.105 379.995 34.4662
2 183.107 177.329 353.403
3 183.107 29.2873 386.043
4 183.108 748.227 448.864
0 184.132 353.512 411.671
1 184.133 389.995 34.3811
2 184.135 181.004 362.703
3 184.136 29.3595 376.043
4 184.138 748.218 458.864
0 185.164 355.637 401.9
1 185.165 399.995 34.2961
2 185.166 184.679 372.003
3 185.166 29.4318 366.044
4 185.167 748.209 468.864
0 186.193 357.763 392.128
1 186.194 409.994 34.2111
2 186.195 188.354 381.304
3 186.197 29.504 356.044
4 186.198 748.2 478.864
0 187.222 359.888 382.357
1 187.224 419.994 34.126
2 187.224 192.029 390.604
3 187.225 29.5763 346.044
4 187.226 748.191 488.864
0 188.251 362.013 372.585
1 188.252 429.994 34.041
2 188.253 195.704 399.904
3 188.254 29.6485 336.044
4 188.256 748.182 498.864
0 189.279 364.139 362.814
1 189.28 439.993 33.956
2 189.28 199.379 409.205
3 189.281 29.7208 326.045
4 189.282 748.173 508.864
0 190.308 366.264 353.042
1 190.308 449.993 33.8709
2 190.309 203.054 418.505
3 190.31 29.7931 316.045
4 190.312 748.165 518.864
0 191.336 368.389 343.271
1 191.336 459.992 33.7859
2 191.337 206.728 427.805
3 191.339 29.8653 306.045
4 191.341 748.156 528.864
0 192.367 370.514 333.499
1 192.369 469.992 33.7008
2 192.37 210.403 437.105
3 192.372 29.9376 296.046
4 192.373 748.147 538.864
0 193.408 372.64 323.728
1 193.41 479.992 33.6158
2 193.413 214.078 446.406
3 193.414 30.0098 286.046
4 193.414 748.138 548.864
0 194.438 374.765 313.956
1 194.44 489.991 33.5308
2 194.441 217.753 455.706
3 194.442 30.0821 276.046
4 194.444 748.129 558.864
0 195.471 376.89 304.184
1 195.473 499.991 33.4457
2 195.474 221.428 465.006
3 195.476 30.1543 266.046
4 195.477 748.12 568.864
0 196.51 379.016 294.413
1 196.511 509.991 33.3607
2 196.512 225.103 474.307
3 196.514 30.2266 256.047
4 196.515 748.111 578.864
0 197.538 381.141 284.641
1 197.539 519.99 33.2757
2 197.54 228.778 483.607
3 197.542 30.2988 246.047
4 197.543 748.102 588.864
0 198.566 383.266 274.87
1 198.567 529.99 33.1906
2 198.57 232.453 492.907
3 198.571 30.3711 236.047
4 198.572 748.093 598.864
0 199.599 385.391 265.098
1 199.6 539.99 33.1056
2 199.601 236.128 502.207
3 199.601 30.4433 226.047
4 199.602 748.085 608.864
0 200.627 387.517 255.327
1 200.628 549.989 33.0206
2 200.629 239.802 511.508
3 200.63 30.5156 216.048
4 200.63 748.076 618.864
0 201.656 389.642 245.555
1 201.657 559.989 32.9355
2 201.658 243.477 520.808
3 201.658 30.5878 206.048
4 201.659 748.067 628.864
0 202.683 391.767 235.784
1 202.684 569.988 32.8505
2 202.685 247.152 530.108
3 202.685 30.6601 196.048
4 202.686 748.058 638.864
0 203.715 393.893 226.012
1 203.717 579.988 32.7655
2 203.718 250.827 539.409
3 203.719 30.7323 186.048
4 203.72 748.049 648.864
0 204.756 396.018 216.24
1 204.757 589.988 32.6804
2 204.758 254.502 548.709
3 204.76 30.8046 176.049
4 204.761 748.04 658.864
0 205.786 398.143 206.469
1 205.788 599.987 32.5954
2 205.789 258.177 558.009
3 205.79 30.8768 166.049
4 205.79 748.031 668.864
0 206.814 400.269 196.697
1 206.816 609.987 32.5103
2 206.817 261.852 567.309
3 206.817 30.9491 156.049
4 206.818 748.022 678.864
0 207.841 402.394 186.926
1 207.843 619.987 32.4253
2 207.844 265.527 576.61
3 207.844 31.0213 146.049
4 207.845 748.013 688.864
0 208.872 404.519 177.154
1 208.872 629.986 32.3403
2 208.873 269.201 585.91
4 209.57 748.005 698.864
0 210.597 406.644 167.383
1 210.597 639.986 32.2552
2 210.598 272.876 595.21
3 210.598 34.6733 155.359
4 210.599 747.996 708.864
0 211.626 408.77 157.611
1 211.627 649.986 32.1702
2 211.627 276.551 604.51
3 211.628 38.3252 164.668
0 213.373 410.895 147.84
1 213.375 659.985 32.0852
2 213.378 280.226 613.811
3 213.38 41.9772 173.977
4 213.38 741.332 701.408
0 214.402 413.02 138.068
1 214.403 669.985 32.0001
2 214.404 283.901 623.111
3 214.406 45.6291 183.287
4 214.407 734.668 693.952
0 215.431 415.146 128.297
2 215.975 287.576 632.411
3 215.975 49.2811 192.596
4 215.976 728.005 686.495
0 216.999 417.271 118.525
1 217.001 670.824 41.9649
2 217.002 291.251 641.712
3 217.003 52.9331 201.905
4 217.004 721.341 679.039
0 218.029 419.396 108.753
1 218.03 671.663 51.9296
2 218.031 294.926 651.012
3 218.033 56.585 211.215
4 218.034 714.677 671.583
0 219.057 421.521 98.9819
1 219.058 672.501 61.8944
2 219.059 298.601 660.312
3 219.06 60.237 220.524
4 219.061 708.014 664.127
0 220.087 423.647 89.2104
1 220.088 673.34 71.8591
2 220.089 302.275 669.612
3 220.09 63.8889 229.833
4 220.091 701.35 656.67
0 221.122 425.772 79.4388
1 221.123 674.179 81.8239
2 221.123 305.95 678.913
3 221.124 67.5409 239.142
4 221.126 694.686 649.214
0 222.15 427.897 69.6673
1 222.153 675.018 91.7886
2 222.155 309.625 688.213
3 222.155 71.1928 248.452
4 222.156 688.023 641.758
0 223.178 430.023 59.8958
1 223.179 675.857 101.753
2 223.179 313.3 697.513
3 223.181 74.8448 257.761
4 223.183 681.359 634.302
1 224.622 676.696 111.718
2 224.622 316.975 706.814
3 224.623 78.4967 267.07
4 224.623 674.696 626.845
0 225.647 434.354 68.9091
1 225.648 677.535 121.683
2 225.648 320.65 716.114
3 225.649 82.1487 276.38
4 225.65 668.032 619.389
0 226.677 438.685 77.9225
1 226.678 678.374 131.648
3 227.078 85.8007 285.689
4 227.079 661.368 611.933
0 228.102 443.016 86.9359
1 228.103 679.212 141.612
2 228.104 325.56 707.402
3 228.105 89.4526 294.998
4 228.107 654.705 604.477
0 229.129 447.347 95.9492
1 229.13 680.051 151.577
2 229.13 330.47 698.691
3 229.132 93.1046 304.308
4 229.134 648.041 597.02
0 230.156 451.679 104.963
1 230.158 680.89 161.542
2 230.159 335.38 689.979
3 230.16 96.7565 313.617
4 230.16 641.377 589.564
0 231.183 456.01 113.976
1 231.184 681.729 171.507
2 231.185 340.29 681.268
3 231.186 100.408 322.926
4 231.188 634.714 582.108
0 232.21 460.341 122.989
1 232.211 682.568 181.471
2 232.213 345.2 672.556
3 232.215 104.06 332.236
4 232.216 628.05 574.652
0 233.242 464.672 132.003
1 233.244 683.407 191.436
2 233.247 350.11 663.845
3 233.248 107.712 341.545
4 233.249 621.386 567.195
0 234.271 469.003 141.016
1 234.272 684.246 201.401
2 234.273 355.02 655.133
3 234.275 111.364 350.854
4 234.276 614.723 559.739
0 235.297 473.335 150.029
1 235.298 685.084 211.366
2 235.299 359.93 646.421
3 235.301 115.016 360.164
4 235.302 608.059 552.283
0 236.324 477.666 159.043
1 236.326 685.923 221.33
2 236.329 364.841 637.71
3 236.33 118.668 369.473
4 236.33 601.395 544.827
0 237.36 481.997 168.056
1 237.362 686.762 231.295
2 237.364 369.751 628.998
3 237.365 122.32 378.782
4 237.366 594.732 537.37
0 238.408 486.328 177.07
1 238.409 687.601 241.26
2 238.41 374.661 620.287
3 238.411 125.972 388.091
4 238.412 588.068 529.914
0 239.435 490.659 186.083
1 239.437 688.44 251.225
2 239.438 379.571 611.575
3 239.439 129.624 397.401
4 239.44 581.404 522.458
0 240.466 494.99 195.096
1 240.468 689.279 261.189
2 240.47 384.481 602.864
3 240.472 133.276 406.71
4 240.475 574.741 515.002
0 241.521 499.322 204.11
1 241.522 690.118 271.154
2 241.523 389.391 594.152
3 241.526 136.928 416.019
4 241.527 568.077 507.545
0 242.552 503.653 213.123
1 242.554 690.957 281.119
2 242.555 394.301 585.441
3 242.558 140.58 425.329
4 242.56 561.413 500.089
0 243.588 507.984 222.136
1 243.59 691.795 291.084
2 243.592 399.211 576.729
3 243.593 144.232 434.638
4 243.593 554.75 492.633
0 244.618 512.315 231.15
1 244.619 692.634 301.048
2 244.62 404.121 568.017
3 244.62 147.884 443.947
4 244.621 548.086 485.177
0 245.646 516.646 240.163
1 245.647 693.473 311.013
2 245.647 409.031 559.306
3 245.648 151.536 453.257
4 245.649 541.423 477.72
0 246.674 520.978 249.177
1 246.674 694.312 320.978
2 246.675 413.941 550.594
3 246.676 155.188 462.566
4 246.677 534.759 470.264
0 247.7 525.309 258.19
1 247.701 695.151 330.943
2 247.702 418.851 541.883
3 247.703 158.84 471.875
4 247.703 528.095 462.808
0 248.731 529.64 267.203
1 248.732 695.99 340.907
2 248.732 423.761 533.171
3 248.733 162.492 481.185
4 248.734 521.432 455.352
0 249.759 533.971 276.217
1 249.761 696.829 350.872
2 249.762 428.672 524.46
3 249.763 166.144 490.494
4 249.764 514.768 447.895
0 250.788 538.302 285.23
1 250.79 697.667 360.837
2 250.791 433.582 515.748
3 250.793 169.796 499.803
4 250.794 508.104 440.439
0 251.816 542.633 294.243
1 251.816 698.506 370.802
2 251.817 438.492 507.037
3 251.818 173.448 509.112
4 251.82 501.441 432.983
0 252.844 546.965 303.257
1 252.845 699.345 380.766
2 252.846 443.402 498.325
3 252.848 177.1 518.422
4 252.849 494.777 425.526
0 253.871 551.296 312.27
1 253.871 700.184 390.731
2 253.872 448.312 489.613
3 253.874 180.752 527.731
4 253.876 488.113 418.07
0 254.902 555.627 321.283
1 254.903 701.023 400.696
2 254.905 453.222 480.902
3 254.907 184.403 537.04
4 254.909 481.45 410.614
0 255.943 559.958 330.297
1 255.944 701.862 410.661
2 255.944 458.132 472.19
3 255.947 188.055 546.35
4 255.948 474.786 403.158
0 256.97 564.289 339.31
1 256.971 702.701 420.625
2 256.972 463.042 463.479
3 256.974 191.707 555.659
4 256.975 468.122 395.701
0 257.997 568.621 348.324
1 257.998 703.54 430.59
2 257.999 467.952 454.767
3 258.001 195.359 564.968
4 258.002 461.459 388.245
0 259.029 572.952 357.337
1 259.031 704.378 440.555
2 259.033 472.862 446.056
3 259.035 199.011 574.278
4 259.037 454.795 380.789
0 260.081 577.283 366.35
1 260.083 705.217 450.52
2 260.084 477.772 437.344
3 260.086 202.663 583.587
4 260.088 448.131 373.333
0 261.119 581.614 375.364
1 261.12 706.056 460.485
2 261.121 482.682 428.633
3 261.122 206.315 592.896
4 261.124 441.468 365.876
0 262.149 585.945 384.377
1 262.15 706.895 470.449
2 262.151 487.592 419.921
3 262.153 209.967 602.206
4 262.155 434.804 358.42
0 263.18 590.277 393.39
1 263.181 707.734 480.414
2 263.181 492.502 411.209
3 263.182 213.619 611.515
4 263.182 428.14 350.964
0 264.206 594.608 402.404
1 264.209 708.573 490.379
2 264.21 497.413 402.498
3 264.211 217.271 620.824
4 264.212 421.477 343.508
0 265.237 598.939 411.417
1 265.238 709.412 500.344
2 265.239 502.323 393.786
3 265.24 220.923 630.133
4 265.242 414.813 336.051
0 266.267 603.27 420.431
1 266.268 710.25 510.308
2 266.269 507.233 385.075
3 266.271 224.575 639.443
4 266.272 408.15 328.595
0 267.294 607.601 429.444
1 267.294 711.089 520.273
2 267.295 512.143 376.363
3 267.296 228.227 648.752
4 267.297 401.486 321.139
0 268.32 611.932 438.457
1 268.321 711.928 530.238
2 268.322 517.053 367.652
3 268.323 231.879 658.061
4 268.325 394.822 313.683
0 269.347 616.264 447.471
1 269.348 712.767 540.203
2 269.349 521.963 358.94
3 269.35 235.531 667.371
4 269.352 388.159 306.226
0 270.374 620.595 456.484
1 270.375 713.606 550.167
2 270.376 526.873 350.229
3 270.378 239.183 676.68
4 270.38 381.495 298.77
0 271.401 624.926 465.497
1 271.402 714.445 560.132
2 271.403 531.783 341.517
3 271.404 242.835 685.989
4 271.406 374.831 291.314
0 272.428 629.257 474.511
1 272.428 715.284 570.097
2 272.429 536.693 332.806
3 272.43 246.487 695.299
4 272.43 368.168 283.858
0 273.456 633.588 483.524
1 273.458 716.123 580.062
2 273.459 541.603 324.094
3 273.461 250.139 704.608
4 273.463 361.504 276.401
0 274.489 637.92 492.538
1 274.491 716.961 590.026
2 274.492 546.513 315.382
3 274.494 253.791 713.917
4 274.496 354.84 268.945
0 275.519 642.251 501.551
1 275.52 717.8 599.991
2 275.522 551.423 306.671
4 275.871 348.177 261.489
0 276.893 646.582 510.564
1 276.893 718.639 609.956
2 276.894 556.333 297.959
3 276.895 255.985 704.161
4 276.896 341.513 254.033
0 277.919 650.913 519.578
1 277.919 719.478 619.921
2 277.92 561.244 289.248
3 277.922 258.18 694.405
4 277.924 334.849 246.576
0 278.948 655.244 528.591
1 278.95 720.317 629.885
2 278.951 566.154 280.536
3 278.952 260.375 684.649
4 278.954 328.186 239.12
0 279.994 659.575 537.604
1 279.995 721.156 639.85
2 279.996 571.064 271.825
3 279.996 262.57 674.893
4 279.997 321.522 231.664
0 281.02 663.907 546.618
2 281.454 575.974 263.113
3 281.455 264.765 665.136
4 281.456 314.858 224.208
0 282.489 668.238 555.631
1 282.489 711.226 641.035
2 282.49 580.884 254.402
3 282.492 266.959 655.38
4 282.494 308.195 216.751
0 283.517 672.569 564.644
1 283.518 701.297 642.22
2 283.518 585.794 245.69
3 283.519 269.154 645.624
4 283.52 301.531 209.295
0 284.543 676.9 573.658
1 284.544 691.367 643.405
2 284.544 590.704 236.978
3 284.546 271.349 635.868
4 284.548 294.867 201.839
0 285.571 681.231 582.671
1 285.572 681.438 644.591
2 285.575 595.614 228.267
3 285.577 273.544 626.112
4 285.578 288.204 194.383
0 286.606 685.563 591.685
1 286.607 671.508 645.776
2 286.608 600.524 219.555
3 286.609 275.739 616.356
4 286.61 281.54 186.926
0 287.639 689.894 600.698
1 287.64 661.579 646.961
2 287.641 605.434 210.844
3 287.642 277.934 606.599
4 287.643 274.877 179.47
1 289.051 651.649 648.146
2 289.052 610.344 202.132
3 289.052 280.128 596.843
4 289.053 268.213 172.014
0 290.077 683.202 593.267
1 290.078 641.72 649.331
2 290.079 615.254 193.421
3 290.079 282.323 587.087
4 290.08 261.549 164.557
0 291.104 676.51 585.836
1 291.105 631.79 650.516
2 291.106 620.164 184.709
3 291.106 284.518 577.331
4 291.107 254.886 157.101
0 292.132 669.819 578.405
1 292.134 621.86 651.701
2 292.134 625.074 175.998
3 292.135 286.713 567.575
4 292.136 248.222 149.645
0 293.158 663.127 570.973
1 293.16 611.931 652.886
2 293.161 629.985 167.286
3 293.162 288.908 557.819
4 293.162 241.558 142.189
0 294.189 656.435 563.542
1 294.19 602.001 654.072
2 294.191 634.895 158.574
3 294.192 291.102 548.062
4 294.192 234.895 134.732
0 295.219 649.744 556.111
1 295.22 592.072 655.257
2 295.221 639.805 149.863
3 295.222 293.297 538.306
4 295.223 228.231 127.276
0 296.251 643.052 548.68
1 296.252 582.142 656.442
2 296.253 644.715 141.151
3 296.254 295.492 528.55
4 296.256 221.567 119.82
0 297.278 636.36 541.249
1 297.279 572.213 657.627
2 297.28 649.625 132.44
3 297.28 297.687 518.794
4 297.281 214.904 112.364
0 298.305 629.669 533.818
1 298.305 562.283 658.812
3 298.579 299.882 509.038
4 298.579 208.24 104.907
0 299.604 622.977 526.387
1 299.605 552.354 659.997
2 299.605 650.523 142.399
3 299.606 302.076 499.282
4 299.607 201.576 97.4512
0 300.631 616.285 518.956
1 300.632 542.424 661.182
2 300.633 651.42 152.359
3 300.633 304.271 489.525
4 300.634 194.913 89.9949
0 301.658 609.594 511.524
1 301.659 532.495 662.367
2 301.659 652.318 162.319
3 301.66 306.466 479.769
4 301.66 188.249 82.5387
0 302.684 602.902 504.093
1 302.685 522.565 663.553
2 302.685 653.216 172.278
3 302.687 308.661 470.013
4 302.688 181.585 75.0824
0 303.71 596.21 496.662
1 303.711 512.636 664.738
2 303.712 654.113 182.238
3 303.712 310.856 460.257
4 303.713 174.922 67.6261
0 304.737 589.519 489.231
1 304.74 502.706 665.923
2 304.742 655.011 192.198
3 304.743 313.05 450.501
4 304.744 168.258 60.1699
0 305.769 582.827 481.8
1 305.77 492.777 667.108
2 305.771 655.909 202.157
3 305.772 315.245 440.744
0 307.049 576.136 474.369
1 307.05 482.847 668.293
2 307.051 656.807 212.117
3 307.053 317.44 430.988
4 307.054 178.258 60.1453
0 308.077 569.444 466.938
1 308.077 472.918 669.478
2 308.078 657.704 222.076
3 308.079 319.635 421.232
4 308.081 188.258 60.1207
0 309.103 562.752 459.507
1 309.104 462.988 670.663
2 309.105 658.602 232.036
3 309.107 321.83 411.476
4 309.108 198.258 60.0961
0 310.13 556.061 452.075
1 310.13 453.059 671.848
2 310.131 659.5 241.996
3 310.132 324.024 401.72
4 310.132 208.258 60.0715
0 311.16 549.369 444.644
1 311.162 443.129 673.034
2 311.164 660.397 251.955
3 311.165 326.219 391.964
4 311.167 218.258 60.0469
0 312.212 542.677 437.213
1 312.212 433.199 674.219
2 312.213 661.295 261.915
3 312.214 328.414 382.207
4 312.214 228.258 60.0223
0 313.241 535.986 429.782
1 313.242 423.27 675.404
2 313.243 662.193 271.875
3 313.244 330.609 372.451
4 313.245 238.258 59.9978
0 314.278 529.294 422.351
1 314.279 413.34 676.589
2 314.28 663.091 281.834
3 314.281 332.804 362.695
4 314.282 248.258 59.9732
0 315.311 522.602 414.92
1 315.311 403.411 677.774
2 315.312 663.988 291.794
3 315.313 334.999 352.939
4 315.314 258.258 59.9486
0 316.341 515.911 407.489
1 316.342 393.481 678.959
2 316.343 664.886 301.753
3 316.343 337.193 343.183
4 316.344 268.258 59.924
0 317.38 509.219 400.058
1 317.381 383.552 680.144
2 317.382 665.784 311.713
3 317.383 339.388 333.427
4 317.383 278.258 59.8994
0 318.409 502.527 392.626
1 318.411 373.622 681.329
2 318.412 666.681 321.673
3 318.412 341.583 323.67
4 318.413 288.258 59.8748
0 319.435 495.836 385.195
1 319.438 363.693 682.515
2 319.44 667.579 331.632
3 319.441 343.778 313.914
4 319.441 298.258 59.8502
0 320.466 489.144 377.764
1 320.467 353.763 683.7
2 320.469 668.477 341.592
3 320.47 345.973 304.158
4 320.47 308.258 59.8256
0 321.499 482.452 370.333
1 321.501 343.834 684.885
2 321.502 669.375 351.552
3 321.505 348.167 294.402
4 321.507 318.258 59.801
0 322.54 475.761 362.902
1 322.542 333.904 686.07
2 322.543 670.272 361.511
3 322.543 350.362 284.646
4 322.544 328.258 59.7764
0 323.568 469.069 355.471
1 323.57 323.975 687.255
2 323.571 671.17 371.471
3 323.572 352.557 274.89
4 323.573 338.258 59.7518
0 324.597 462.377 348.04
1 324.598 314.045 688.44
2 324.598 672.068 381.43
3 324.599 354.752 265.133
4 324.599 348.258 59.7273
0 325.627 455.686 340.609
1 325.628 304.116 689.625
2 325.629 672.965 391.39
3 325.629 356.947 255.377
4 325.63 358.258 59.7027
0 326.654 448.994 333.177
1 326.655 294.186 690.81
2 326.656 673.863 401.35
3 326.656 359.141 245.621
4 326.657 368.258 59.6781
0 327.682 442.302 325.746
1 327.682 284.257 691.995
2 327.683 674.761 411.309
3 327.684 361.336 235.865
4 327.684 378.257 59.6535
0 328.715 435.611 318.315
1 328.716 274.327 693.181
2 328.717 675.659 421.269
3 328.717 363.531 226.109
4 328.718 388.257 59.6289
0 329.746 428.919 310.884
1 329.747 264.398 694.366
2 329.747 676.556 431.228
3 329.748 365.726 216.353
4 329.749 398.257 59.6043
0 330.778 422.227 303.453
1 330.779 254.468 695.551
2 330.78 677.454 441.188
3 330.782 367.921 206.596
4 330.783 408.257 59.5797
0 331.81 415.536 296.022
1 331.811 244.539 696.736
2 331.812 678.352 451.148
3 331.814 370.115 196.84
4 331.816 418.257 59.5551
0 332.849 408.844 288.591
1 332.85 234.609 697.921
2 332.852 679.25 461.107
3 332.853 372.31 187.084
4 332.854 428.257 59.5305
0 333.879 402.152 281.16
1 333.88 224.679 699.106
2 333.881 680.147 471.067
3 333.882 374.505 177.328
4 333.882 438.257 59.5059
0 334.906 395.461 273.728
1 334.907 214.75 700.291
2 334.908 681.045 481.027
3 334.91 376.7 167.572
4 334.91 448.257 59.4813
0 335.934 388.769 266.297
1 335.935 204.82 701.476
2 335.936 681.943 490.986
3 335.937 378.895 157.816
4 335.939 458.257 59.4568
0 336.961 382.077 258.866
1 336.963 194.891 702.662
2 336.964 682.84 500.946
3 336.964 381.089 148.059
4 336.965 468.257 59.4322
0 337.991 375.386 251.435
1 337.993 184.961 703.847
2 337.994 683.738 510.905
3 337.994 383.284 138.303
4 337.995 478.257 59.4076
0 339.02 368.694 244.004
1 339.022 175.032 705.032
2 339.023 684.636 520.865
3 339.024 385.479 128.547
4 339.025 488.257 59.383
0 340.046 362.002 236.573
1 340.046 165.102 706.217
2 340.047 685.534 530.825
3 340.048 387.674 118.791
4 340.05 498.257 59.3584
0 341.073 355.311 229.142
1 341.074 155.173 707.402
2 341.074 686.431 540.784
3 341.075 389.869 109.035
4 341.076 508.257 59.3338
0 342.101 348.619 221.711
1 342.103 145.243 708.587
3 342.357 392.064 99.2786
4 342.357 518.257 59.3092
0 343.379 341.927 214.279
1 343.379 135.314 709.772
2 343.381 682.365 531.649
3 343.383 394.258 89.5224
4 343.384 528.257 59.2846
0 344.405 335.236 206.848
1 344.407 125.384 710.957
2 344.41 678.298 522.513
3 344.412 396.453 79.7663
4 344.413 538.257 59.26
0 345.437 328.544 199.417
1 345.439 115.455 712.143
2 345.441 674.232 513.377
3 345.442 398.648 70.0101
4 345.444 548.257 59.2354
0 346.484 321.852 191.986
1 346.484 105.525 713.328
2 346.485 670.165 504.241
3 346.486 400.843 60.2539
4 346.487 558.257 59.2108
0 347.51 315.161 184.555
1 347.511 95.5956 714.513
2 347.512 666.099 495.105
4 347.723 568.257 59.1863
0 348.744 308.469 177.124
1 348.745 85.6661 715.698
2 348.745 662.032 485.969
3 348.746 395.771 68.8722
4 348.747 578.257 59.1617
0 349.778 301.777 169.693
1 349.779 75.7366 716.883
2 349.779 657.966 476.833
3 349.781 390.699 77.4905
4 349.782 588.257 59.1371
0 350.807 295.086 162.262
1 350.808 65.807 718.068
2 350.808 653.899 467.698
3 350.809 385.627 86.1087
4 350.809 598.257 59.1125
0 351.838 288.394 154.83
1 351.838 55.8775 719.253
2 351.839 649.833 458.562
3 351.84 380.555 94.727
4 351.84 608.257 59.0879
0 352.865 281.702 147.399
2 353.066 645.766 449.426
3 353.067 375.483 103.345
4 353.067 618.257 59.0633
0 354.088 275.011 139.968
1 354.089 55.9031 709.253
2 354.089 641.7 440.29
3 354.09 370.411 111.964
4 354.091 628.257 59.0387
0 355.125 268.319 132.537
1 355.126 55.9287 699.253
2 355.128 637.633 431.154
3 355.13 365.339 120.582
4 355.132 638.257 59.0141
0 356.169 261.627 125.106
1 356.169 55.9544 689.253
2 356.17 633.567 422.018
3 356.171 360.267 129.2
4 356.171 648.257 58.9895
0 357.194 254.936 117.675
1 357.196 55.98 679.253
2 357.198 629.5 412.883
3 357.199 355.195 137.818
0 358.402 248.244 110.244
1 358.403 56.0056 669.253
2 358.404 625.434 403.747
3 358.406 350.123 146.437
4 358.408 640.57 65.3857
0 359.462 241.552 102.813
1 359.463 56.0312 659.254
2 359.464 621.367 394.611
3 359.466 345.05 155.055
4 359.468 632.883 71.782
0 360.491 234.861 95.3814
1 360.492 56.0568 649.254
2 360.493 617.301 385.475
3 360.495 339.978 163.673
4 360.496 625.196 78.1782
0 361.526 228.169 87.9503
1 361.526 56.0824 639.254
2 361.527 613.234 376.339
3 361.527 334.906 172.291
4 361.528 617.509 84.5744
0 362.55 221.477 80.5191
1 362.552 56.108 629.254
2 362.554 609.168 367.203
3 362.554 329.834 180.91
4 362.555 609.822 90.9706
0 363.578 214.786 73.088
1 363.579 56.1336 619.254
2 363.58 605.101 358.068
3 363.582 324.762 189.528
4 363.584 602.135 97.3668
0 364.607 208.094 65.6569
1 364.608 56.1593 609.254
2 364.608 601.035 348.932
3 364.609 319.69 198.146
4 364.612 594.448 103.763
0 365.633 201.402 58.2258
1 365.634 56.1849 599.254
2 365.635 596.968 339.796
3 365.636 314.618 206.765
4 365.636 586.761 110.159
1 366.8 56.2105 589.254
2 366.801 592.902 330.66
3 366.802 309.546 215.383
4 366.802 579.075 116.555
0 367.824 201.073 68.2203
1 367.825 56.2361 579.254
2 367.829 588.835 321.524
3 367.83 304.474 224.001
4 367.831 571.388 122.952
0 368.852 200.744 78.2149
1 368.854 56.2617 569.254
2 368.855 584.769 312.388
3 368.856 299.402 232.619
4 368.856 563.701 129.348
0 369.878 200.415 88.2095
1 369.88 56.2873 559.254
2 369.881 580.702 303.252
3 369.882 294.33 241.238
4 369.882 556.014 135.744
0 370.904 200.086 98.2041
1 370.904 56.3129 549.254
2 370.905 576.636 294.117
3 370.907 289.258 249.856
4 370.909 548.327 142.14
0 371.932 199.757 108.199
1 371.934 56.3385 539.254
2 371.935 572.569 284.981
3 371.936 284.186 258.474
4 371.937 540.64 148.537
0 372.963 199.428 118.193
1 372.965 56.3642 529.254
2 372.967 568.503 275.845
3 372.97 279.114 267.092
4 372.972 532.953 154.933
0 374.013 199.099 128.188
1 374.014 56.3898 519.254
2 374.016 564.436 266.709
3 374.017 274.042 275.711
4 374.018 525.266 161.329
0 375.044 198.77 138.182
1 375.045 56.4154 509.254
2 375.046 560.37 257.573
3 375.048 268.97 284.329
4 375.049 517.579 167.725
0 376.074 198.441 148.177
1 376.075 56.441 499.254
2 376.076 556.303 248.437
3 376.077 263.898 292.947
4 376.079 509.892 174.121
0 377.105 198.112 158.172
1 377.105 56.4666 489.254
2 377.107 552.237 239.302
3 377.109 258.826 301.566
4 377.11 502.206 180.518
0 378.133 197.783 168.166
1 378.135 56.4922 479.254
2 378.136 548.17 230.166
3 378.139 253.754 310.184
4 378.14 494.519 186.914
0 379.171 197.454 178.161
1 379.171 56.5178 469.254
2 379.172 544.104 221.03
3 379.173 248.682 318.802
4 379.175 486.832 193.31
0 380.196 197.125 188.155
1 380.198 56.5434 459.254
2 380.2 540.037 211.894
3 380.201 243.61 327.42
4 380.202 479.145 199.706
0 381.223 196.796 198.15
1 381.223 56.5691 449.254
2 381.224 535.971 202.758
3 381.225 238.538 336.039
4 381.226 471.458 206.103
0 382.251 196.467 208.145
1 382.253 56.5947 439.254
2 382.254 531.904 193.622
3 382.256 233.466 344.657
4 382.259 463.771 212.499
0 383.296 196.138 218.139
1 383.297 56.6203 429.254
2 383.298 527.838 184.487
3 383.299 228.394 353.275
4 383.299 456.084 218.895
0 384.322 195.809 228.134
1 384.323 56.6459 419.254
2 384.324 523.771 175.351
3 384.325 223.322 361.893
4 384.327 448.397 225.291
0 385.35 195.48 238.128
1 385.352 56.6715 409.254
2 385.353 519.705 166.215
3 385.355 218.25 370.512
4 385.356 440.71 231.687
0 386.378 195.151 248.123
1 386.378 56.6971 399.254
2 386.38 515.638 157.079
3 386.381 213.178 379.13
4 386.383 433.024 238.084
0 387.404 194.822 258.117
1 387.404 56.7227 389.254
2 387.406 511.572 147.943
3 387.408 208.106 387.748
4 387.409 425.337 244.48
0 388.43 194.493 268.112
1 388.43 56.7483 379.254
2 388.431 507.505 138.807
3 388.433 203.034 396.366
4 388.435 417.65 250.876
0 389.457 194.164 278.107
1 389.457 56.774 369.254
2 389.458 503.439 129.671
3 389.459 197.962 404.985
4 389.459 409.963 257.272
0 390.482 193.835 288.101
1 390.483 56.7996 359.255
2 390.484 499.372 120.536
3 390.486 192.89 413.603
4 390.487 402.276 263.668
0 391.51 193.506 298.096
1 391.51 56.8252 349.255
2 391.511 495.306 111.4
3 391.512 187.818 422.221
4 391.512 394.589 270.065
0 392.535 193.177 308.09
1 392.536 56.8508 339.255
2 392.537 491.239 102.264
3 392.537 182.746 430.84
4 392.538 386.902 276.461
0 393.563 192.848 318.085
1 393.564 56.8764 329.255
2 393.565 487.173 93.1281
3 393.567 177.674 439.458
4 393.57 379.215 282.857
0 394.595 192.519 328.08
1 394.595 56.902 319.255
2 394.597 483.106 83.9923
3 394.599 172.602 448.076
4 394.6 371.528 289.253
0 395.62 192.19 338.074
1 395.621 56.9276 309.255
3 395.733 167.53 456.694
4 395.734 363.841 295.65
0 396.754 191.861 348.069
1 396.755 56.9532 299.255
2 396.756 483.595 93.9803
3 396.756 162.458 465.313
4 396.757 356.155 302.046
0 397.783 191.532 358.063
1 397.784 56.9789 289.255
2 397.784 484.084 103.968
3 397.785 157.386 473.931
4 397.786 348.468 308.442
0 398.808 191.203 368.058
1 398.809 57.0045 279.255
2 398.81 484.573 113.956
3 398.811 152.314 482.549
4 398.813 340.781 314.838
0 399.835 190.874 378.053
2 399.922 485.062 123.944
3 399.923 147.242 491.167
4 399.924 333.094 321.234
0 400.945 190.545 388.047
1 400.945 59.414 288.96
2 400.946 485.551 133.932
3 400.948 142.17 499.786
4 400.95 325.407 327.631
0 401.975 190.216 398.042
1 401.976 61.8235 298.666
2 401.978 486.04 143.921
3 401.979 137.098 508.404
4 401.982 317.72 334.027
0 403.017 189.887 408.036
1 403.019 64.2331 308.371
2 403.021 486.529 153.909
3 403.022 132.026 517.022
4 403.023 310.033 340.423
0 404.047 189.558 418.031
1 404.049 66.6426 318.076
2 404.052 487.018 163.897
3 404.055 126.954 525.641
4 404.057 302.346 346.819
0 405.09 189.229 428.025
1 405.092 69.0521 327.782
2 405.093 487.507 173.885
3 405.095 121.882 534.259
4 405.096 294.659 353.216
0 406.131 188.9 438.02
1 406.132 71.4616 337.487
2 406.134 487.996 183.873
3 406.136 116.809 542.877
4 406.137 286.972 359.612
0 407.174 188.571 448.015
1 407.176 73.8712 347.192
2 407.178 488.485 193.861
3 407.181 111.737 551.495
4 407.183 279.286 366.008
0 408.226 188.242 458.009
1 408.229 76.2807 356.898
2 408.23 488.974 203.849
3 408.231 106.665 560.114
4 408.232 271.599 372.404
0 409.255 187.913 468.004
1 409.256 78.6902 366.603
2 409.257 489.463 213.837
3 409.259 101.593 568.732
4 409.261 263.912 378.8
0 410.282 187.584 477.998
1 410.285 81.0998 376.308
2 410.287 489.952 223.825
3 410.287 96.5214 577.35
4 410.288 256.225 385.197
0 411.31 187.255 487.993
1 411.311 83.5093 386.014
2 411.312 490.441 233.813
3 411.313 91.4494 585.968
4 411.315 248.538 391.593
0 412.336 186.926 497.988
1 412.337 85.9188 395.719
2 412.337 490.93 243.801
3 412.339 86.3774 594.587
4 412.34 240.851 397.989
0 413.362 186.597 507.982
1 413.363 88.3283 405.425
2 413.364 491.419 253.789
3 413.365 81.3053 603.205
4 413.367 233.164 404.385
0 414.389 186.268 517.977
1 414.39 90.7379 415.13
2 414.391 491.908 263.777
3 414.393 76.2333 611.823
4 414.394 225.477 410.781
0 415.416 185.939 527.971
1 415.417 93.1474 424.835
2 415.418 492.397 273.765
3 415.42 71.1613 620.442
4 415.421 217.79 417.178
0 416.443 185.61 537.966
1 416.446 95.5569 434.541
2 416.448 492.886 283.753
3 416.449 66.0893 629.06
4 416.45 210.103 423.574
0 417.473 185.281 547.96
1 417.475 97.9665 444.246
2 417.477 493.375 293.741
3 417.478 61.0173 637.678
4 417.479 202.417 429.97
0 418.505 184.952 557.955
1 418.507 100.376 453.951
2 418.508 493.864 303.729
3 418.509 55.9452 646.296
4 418.51 194.73 436.366
0 419.546 184.623 567.95
1 419.548 102.786 463.657
2 419.548 494.353 313.717
3 419.549 50.8732 654.915
4 419.55 187.043 442.763
0 420.573 184.294 577.944
1 420.575 105.195 473.362
2 420.577 494.843 323.705
4 420.681 179.356 449.159
0 421.702 183.965 587.939
1 421.703 107.605 483.068
2 421.704 495.332 333.693
3 421.704 60.8298 655.845
4 421.705 171.669 455.555
0 422.729 183.636 597.933
1 422.73 110.014 492.773
2 422.73 495.821 343.681
3 422.731 70.7864 656.776
4 422.732 163.982 461.951
0 423.756 183.307 607.928
1 423.758 112.424 502.478
2 423.759 496.31 353.669
3 423.759 80.743 657.707
4 423.761 156.295 468.347
0 424.783 182.978 617.923
1 424.784 114.833 512.184
2 424.784 496.799 363.657
3 424.785 90.6996 658.637
4 424.786 148.608 474.744
0 425.809 182.649 627.917
1 425.81 117.243 521.889
2 425.81 497.288 373.645
3 425.811 100.656 659.568
4 425.812 140.921 481.14
0 426.835 182.32 637.912
1 426.836 119.652 531.594
2 426.836 497.777 383.633
3 426.837 110.613 660.499
4 426.838 133.234 487.536
0 427.861 181.991 647.906
1 427.863 122.062 541.3
2 427.864 498.266 393.621
3 427.865 120.569 661.429
4 427.865 125.548 493.932
0 428.887 181.662 657.901
1 428.889 124.471 551.005
2 428.89 498.755 403.609
3 428.892 130.526 662.36
4 428.892 117.861 500.328
0 429.916 181.333 667.896
1 429.917 126.881 560.71
2 429.917 499.244 413.597
3 429.918 140.483 663.29
4 429.919 110.174 506.725
0 430.941 181.004 677.89
1 430.942 129.29 570.416
2 430.944 499.733 423.586
3 430.945 150.439 664.221
4 430.946 102.487 513.121
1 432.041 131.7 580.121
2 432.042 500.222 433.574
3 432.043 160.396 665.152
4 432.043 94.8 519.517
0 433.065 190.926 676.646
1 433.066 134.109 589.827
2 433.067 500.711 443.562
3 433.067 170.352 666.082
4 433.068 87.1131 525.913
0 434.094 200.848 675.403
1 434.096 136.519 599.532
2 434.097 501.2 453.55
3 434.099 180.309 667.013
4 434.1 79.4262 532.31
0 435.139 210.771 674.159
1 435.14 138.928 609.237
2 435.141 501.689 463.538
3 435.143 190.266 667.944
0 436.224 220.693 672.915
1 436.225 141.338 618.943
2 436.226 502.178 473.526
3 436.226 200.222 668.874
4 436.227 84.6884 523.806
0 437.251 230.615 671.672
1 437.251 143.748 628.648
2 437.252 502.667 483.514
3 437.253 210.179 669.805
4 437.253 89.9507 515.303
0 438.276 240.538 670.428
1 438.276 146.157 638.353
2 438.277 503.156 493.502
3 438.278 220.135 670.736
4 438.278 95.2129 506.799
0 439.304 250.46 669.184
1 439.305 148.567 648.059
2 439.307 503.645 503.49
3 439.309 230.092 671.666
4 439.31 100.475 498.296
0 440.337 260.383 667.941
1 440.338 150.976 657.764
2 440.339 504.134 513.478
3 440.34 240.049 672.597
4 440.341 105.737 489.792
0 441.366 270.305 666.697
1 441.367 153.386 667.469
2 441.369 504.623 523.466
3 441.371 250.005 673.528
4 441.374 111 481.289
0 442.393 280.227 665.453
1 442.394 155.795 677.175
2 442.395 505.112 533.454
3 442.395 259.962 674.458
4 442.396 116.262 472.785
0 443.418 290.15 664.21
2 443.475 505.601 543.442
3 443.476 269.918 675.389
4 443.477 121.524 464.282
0 444.5 300.072 662.966
1 444.503 155.867 667.175
2 444.506 506.09 553.43
3 444.507 279.875 676.32
4 444.509 126.786 455.778
0 445.533 309.994 661.722
1 445.533 155.938 657.175
2 445.535 506.579 563.418
3 445.537 289.832 677.25
4 445.538 132.049 447.275
0 446.559 319.917 660.479
1 446.559 156.01 647.176
2 446.56 507.068 573.406
3 446.563 299.788 678.181
4 446.564 137.311 438.772
0 447.59 329.839 659.235
1 447.592 156.082 637.176
2 447.593 507.557 583.394
3 447.594 309.745 679.112
4 447.596 142.573 430.268
0 448.621 339.761 657.991
1 448.622 156.153 627.176
2 448.623 508.046 593.382
3 448.624 319.701 680.042
4 448.624 147.835 421.765
0 449.649 349.684 656.748
1 449.65 156.225 617.176
2 449.65 508.535 603.37
3 449.651 329.658 680.973
4 449.652 153.098 413.261
0 450.674 359.606 655.504
1 450.675 156.296 607.177
2 450.676 509.024 613.358
3 450.677 339.615 681.903
4 450.677 158.36 404.758
0 451.7 369.529 654.26
1 451.701 156.368 597.177
2 451.701 509.513 623.346
3 451.702 349.571 682.834
4 451.703 163.622 396.254
0 452.726 379.451 653.017
1 452.727 156.44 587.177
2 452.728 510.002 633.334
3 452.729 359.528 683.765
4 452.729 168.884 387.751
0 453.752 389.373 651.773
1 453.753 156.511 577.177
2 453.754 510.491 643.322
3 453.755 369.484 684.695
4 453.757 174.147 379.247
0 454.777 399.296 650.529
1 454.778 156.583 567.178
2 454.779 510.98 653.31
3 454.78 379.441 685.626
4 454.78 179.409 370.744
0 455.803 409.218 649.286
1 455.804 156.654 557.178
2 455.804 511.469 663.298
3 455.805 389.398 686.557
4 455.806 184.671 362.24
0 456.829 419.14 648.042
1 456.83 156.726 547.178
2 456.83 511.958 673.286
3 456.831 399.354 687.487
4 456.832 189.933 353.737
0 457.855 429.063 646.798
1 457.856 156.798 537.178
2 457.856 512.447 683.274
3 457.857 409.311 688.418
4 457.857 195.196 345.234
0 458.88 438.985 645.555
1 458.881 156.869 527.179
2 458.882 512.936 693.263
3 458.882 419.267 689.349
4 458.884 200.458 336.73
0 459.908 448.907 644.311
1 459.91 156.941 517.179
2 459.91 513.425 703.251
3 459.911 429.224 690.279
4 459.912 205.72 328.227
0 460.936 458.83 643.068
1 460.938 157.013 507.179
2 460.938 513.914 713.239
3 460.939 439.181 691.21
4 460.94 210.982 319.723
0 461.966 468.752 641.824
1 461.968 157.084 497.179
3 462.035 449.137 692.141
4 462.035 216.245 311.22
0 463.059 478.675 640.58
1 463.06 157.156 487.18
2 463.062 510.477 703.848
3 463.063 459.094 693.071
4 463.064 221.507 302.716
0 464.09 488.597 639.337
1 464.091 157.227 477.18
2 464.092 507.04 694.457
3 464.094 469.05 694.002
4 464.096 226.769 294.213
0 465.119 498.519 638.093
1 465.12 157.299 467.18
2 465.121 503.604 685.066
3 465.122 479.007 694.933
4 465.124 232.031 285.709
0 466.146 508.442 636.849
1 466.147 157.371 457.181
2 466.148 500.167 675.675
3 466.149 488.964 695.863
4 466.151 237.294 277.206
0 467.173 518.364 635.606
1 467.173 157.442 447.181
2 467.174 496.73 666.284
3 467.175 498.92 696.794
4 467.175 242.556 268.702
0 468.198 528.286 634.362
1 468.199 157.514 437.181
2 468.2 493.293 656.893
3 468.2 508.877 697.725
4 468.201 247.818 260.199
0 469.226 538.209 633.118
1 469.228 157.585 427.181
2 469.23 489.857 647.502
3 469.231 518.833 698.655
4 469.232 253.08 251.696
0 470.258 548.131 631.875
1 470.26 157.657 417.182
2 470.261 486.42 638.111
3 470.263 528.79 699.586
4 470.264 258.343 243.192
0 471.305 558.053 630.631
1 471.306 157.729 407.182
2 471.307 482.983 628.721
3 471.309 538.747 700.517
4 471.31 263.605 234.689
0 472.331 567.976 629.387
1 472.332 157.8 397.182
2 472.333 479.546 619.33
3 472.334 548.703 701.447
4 472.335 268.867 226.185
0 473.356 577.898 628.144
1 473.357 157.872 387.182
2 473.358 476.11 609.939
3 473.358 558.66 702.378
4 473.359 274.129 217.682
0 474.385 587.821 626.9
1 474.387 157.943 377.183
2 474.389 472.673 600.548
3 474.391 568.616 703.308
4 474.393 279.392 209.178
0 475.432 597.743 625.656
1 475.433 158.015 367.183
2 475.434 469.236 591.157
3 475.434 578.573 704.239
4 475.435 284.654 200.675
1 476.507 158.087 357.183
2 476.508 465.799 581.766
3 476.508 588.53 705.17
4 476.509 289.916 192.171
0 477.529 591.435 617.896
1 477.53 158.158 347.183
2 477.531 462.363 572.375
3 477.532 598.486 706.1
4 477.534 295.178 183.668
0 478.557 585.128 610.137
1 478.558 158.23 337.184
2 478.56 458.926 562.984
3 478.562 608.443 707.031
4 478.564 300.441 175.164
0 479.589 578.82 602.377
1 479.59 158.301 327.184
2 479.592 455.489 553.593
3 479.594 618.399 707.962
4 479.595 305.703 166.661
0 480.617 572.512 594.617
1 480.618 158.373 317.184
2 480.618 452.052 544.203
3 480.619 628.356 708.892
4 480.619 310.965 158.158
0 481.645 566.205 586.858
1 481.646 158.445 307.184
2 481.646 448.616 534.812
3 481.647 638.313 709.823
4 481.648 316.227 149.654
0 482.672 559.897 579.098
1 482.673 158.516 297.185
2 482.674 445.179 525.421
3 482.674 648.269 710.754
4 482.675 321.49 141.151
0 483.697 553.589 571.338
1 483.697 158.588 287.185
2 483.698 441.742 516.03
3 483.699 658.226 711.684
4 483.699 326.752 132.647
0 484.722 547.281 563.578
1 484.723 158.66 277.185
2 484.724 438.305 506.639
3 484.725 668.182 712.615
4 484.725 332.014 124.144
0 485.75 540.974 555.819
1 485.751 158.731 267.185
2 485.751 434.869 497.248
3 485.752 678.139 713.546
4 485.753 337.276 115.64
0 486.775 534.666 548.059
1 486.776 158.803 257.186
2 486.777 431.432 487.857
4 486.815 342.539 107.137
0 487.836 528.358 540.299
1 487.837 158.874 247.186
2 487.838 427.995 478.466
3 487.839 678.907 703.575
4 487.841 347.801 98.6334
0 488.862 522.051 532.54
1 488.863 158.946 237.186
2 488.864 424.558 469.075
3 488.867 679.675 693.605
4 488.869 353.063 90.1299
0 489.89 515.743 524.78
1 489.891 159.018 227.186
2 489.892 421.122 459.685
3 489.893 680.442 683.634
0 490.94 509.435 517.02
1 490.94 159.089 217.187
2 490.941 417.685 450.294
3 490.943 681.21 673.664
4 490.945 363.06 89.8988
0 491.977 503.128 509.26
1 491.979 159.161 207.187
2 491.98 414.248 440.903
3 491.982 681.978 663.693
4 491.984 373.058 89.6678
0 493.023 496.82 501.501
1 493.025 159.232 197.187
2 493.026 410.811 431.512
3 493.028 682.746 653.723
4 493.03 383.055 89.4367
0 494.064 490.512 493.741
1 494.065 159.304 187.187
2 494.066 407.375 422.121
3 494.067 683.514 643.752
4 494.067 393.052 89.2056
0 495.091 484.205 485.981
1 495.091 159.376 177.188
2 495.092 403.938 412.73
3 495.093 684.282 633.782
4 495.093 403.05 88.9745
0 496.116 477.897 478.222
1 496.117 159.447 167.188
2 496.118 400.501 403.339
3 496.119 685.049 623.811
4 496.121 413.047 88.7434
0 497.142 471.589 470.462
1 497.144 159.519 157.188
2 497.145 397.064 393.948
3 497.146 685.817 613.841
4 497.146 423.044 88.5124
0 498.173 465.282 462.702
1 498.174 159.59 147.188
2 498.174 393.628 384.557
3 498.175 686.585 603.87
4 498.176 433.042 88.2813
0 499.2 458.974 454.942
1 499.201 159.662 137.189
2 499.201 390.191 375.167
3 499.202 687.353 593.9
4 499.203 443.039 88.0502
0 500.231 452.666 447.183
1 500.233 159.734 127.189
2 500.235 386.754 365.776
3 500.237 688.121 583.929
4 500.24 453.036 87.8191
0 501.285 446.359 439.423
1 501.286 159.805 117.189
2 501.287 383.318 356.385
3 501.289 688.888 573.959
4 501.291 463.034 87.588
0 502.322 440.051 431.663
1 502.323 159.877 107.189
2 502.324 379.881 346.994
3 502.326 689.656 563.988
4 502.327 473.031 87.3569
0 503.348 433.743 423.904
1 503.348 159.949 97.1897
2 503.349 376.444 337.603
3 503.35 690.424 554.018
4 503.352 483.028 87.1259
0 504.373 427.436 416.144
1 504.374 160.02 87.19
2 504.374 373.007 328.212
3 504.376 691.192 544.047
4 504.378 493.026 86.8948
0 505.399 421.128 408.384
2 505.42 369.571 318.821
3 505.421 691.96 534.077
4 505.421 503.023 86.6637
0 506.442 414.82 400.624
1 506.443 163.332 96.6255
2 506.443 366.134 309.43
3 506.444 692.727 524.107
4 506.444 513.02 86.4326
0 507.467 408.513 392.865
1 507.469 166.644 106.061
2 507.47 362.697 300.039
3 507.471 693.495 514.136
4 507.472 523.018 86.2015
0 508.501 402.205 385.105
1 508.502 169.957 115.497
2 508.503 359.26 290.649
3 508.503 694.263 504.166
4 508.504 533.015 85.9705
0 509.527 395.897 377.345
1 509.529 173.269 124.932
2 509.53 355.824 281.258
3 509.531 695.031 494.195
4 509.532 543.012 85.7394
0 510.555 389.59 369.585
1 510.557 176.581 134.368
2 510.558 352.387 271.867
3 510.559 695.799 484.225
4 510.559 553.01 85.5083
0 511.587 383.282 361.826
1 511.587 179.893 143.803
2 511.588 348.95 262.476
3 511.589 696.567 474.254
4 511.589 563.007 85.2772
0 512.612 376.974 354.066
1 512.613 183.205 153.239
2 512.615 345.513 253.085
3 512.616 697.334 464.284
4 512.617 573.004 85.0461
0 513.638 370.667 346.306
1 513.639 186.517 162.674
2 513.64 342.077 243.694
3 513.641 698.102 454.313
0 514.677 364.359 338.547
