0 1.026 416.39 206.48
1 1.027 416.39 206.48
2 1.027 359.53 409.109
3 1.028 289.659 116.914
4 1.028 454.362 76.213
0 2.037 412.687 215.769
1 2.039 412.687 215.769
2 2.04 368.572 413.381
3 2.041 298.628 121.337
4 2.043 450.495 85.4351
0 4.065 422.444 217.959
1 4.067 422.444 217.959
2 4.069 378.548 414.07
3 4.071 308.603 122.047
4 4.073 450.7 95.433
0 5.086 432.202 220.148
1 5.088 432.202 220.148
2 5.09 388.524 414.76
3 5.092 318.577 122.756
4 5.093 450.906 105.431
0 7.116 437.379 211.592
1 7.118 437.379 211.592
2 7.12 397.108 419.891
3 7.121 327.154 127.898
4 7.122 460.218 101.786
0 8.133 442.557 203.037
1 8.134 442.557 203.037
2 8.136 405.691 425.022
3 8.137 335.731 133.04
4 8.139 469.53 98.141
4 9.147 478.842 94.4961
0 10.154 449.523 210.211
1 10.155 449.523 210.211
2 10.156 406.236 435.007
3 10.157 345.723 133.435
0 11.169 456.49 217.385
1 11.171 456.49 217.385
2 11.173 406.781 444.992
3 11.175 355.715 133.831
4 11.177 488.178 98.0792
0 12.186 463.456 224.559
1 12.188 463.456 224.559
4 12.189 497.514 101.662
2 13.202 416.049 448.749
3 13.204 350.08 125.57
0 14.213 468.687 233.083
1 14.214 468.687 233.083
2 14.215 425.316 452.506
3 14.216 344.444 117.309
4 14.216 505.115 95.1633
0 15.228 473.917 241.606
1 15.229 473.917 241.606
3 15.232 338.808 109.048
4 15.234 512.715 88.6643
2 16.247 421.979 461.933
3 16.249 333.173 100.788
4 16.251 520.315 82.1653
0 17.263 483.899 242.209
1 17.265 483.899 242.209
2 17.266 418.642 471.36
0 18.272 493.881 242.812
1 18.273 493.881 242.812
3 18.275 341.972 96.0358
4 18.276 530.285 82.9376
2 19.284 417.977 481.338
3 19.285 350.771 91.284
4 19.285 540.255 83.7099
0 20.295 502.434 247.993
1 20.296 502.434 247.993
2 20.297 417.312 491.316
0 21.305 510.987 253.174
1 21.306 510.987 253.174
3 21.308 347.723 81.7597
4 21.309 546.578 91.457
2 22.32 426.509 495.242
3 22.322 344.675 72.2355
4 22.324 552.902 99.204
0 23.338 511.412 263.165
1 23.34 501.076 251.842
2 23.341 435.707 499.167
3 23.343 341.628 62.7112
0 24.351 511.837 273.156
1 24.352 491.165 250.509
4 24.353 552.137 109.175
1 25.361 481.254 249.177
2 25.361 436.249 509.153
3 25.362 351.566 61.6056
4 25.363 551.372 119.145
0 26.374 517.176 281.611
1 26.376 471.343 247.844
2 26.378 436.79 519.138
3 26.38 361.505 60.5
0 27.388 522.516 290.066
1 27.389 461.432 246.512
4 27.39 557.304 127.196
1 28.401 451.522 245.179
2 28.402 445.518 524.019
3 28.403 371.485 61.1372
4 28.403 563.235 135.247
0 29.411 531.258 294.922
1 29.412 441.611 243.847
2 29.414 454.246 528.9
3 29.415 381.464 61.7743
0 30.422 540 299.778
1 30.424 431.7 242.514
4 30.425 573.231 135.551
1 31.432 421.789 241.182
2 31.433 464.235 529.363
3 31.434 391.396 60.6036
4 31.435 583.226 135.855
0 32.443 548.533 304.992
1 32.444 411.878 239.849
2 32.445 474.225 529.825
3 32.446 401.327 59.433
0 33.453 557.065 310.207
4 33.454 591.676 141.202
1 34.466 405.496 247.547
2 34.468 473.269 539.779
3 34.47 410.681 62.9676
4 34.472 600.127 146.549
0 35.485 556.201 320.169
1 35.486 399.113 255.245
2 35.488 472.314 549.734
3 35.489 420.036 66.5022
0 36.501 555.336 330.132
4 36.503 608.515 141.104
1 37.513 399.471 265.239
2 37.513 471.773 559.719
3 37.514 415.151 75.2277
4 37.515 616.902 135.66
0 38.526 565.305 330.919
1 38.528 399.829 275.233
2 38.53 471.233 569.704
3 38.532 410.266 83.9533
0 39.542 575.274 331.706
4 39.542 626.837 134.516
1 40.55 409.8 275.993
2 40.551 470.726 579.692
3 40.552 406.391 93.1722
4 40.553 636.771 133.372
0 41.562 579.272 340.872
1 41.564 419.771 276.754
2 41.566 470.219 589.679
3 41.567 402.517 102.391
0 42.579 583.271 350.037
4 42.581 641.046 142.412
1 43.595 428.326 281.933
2 43.597 466.895 599.11
3 43.599 395.18 95.5957
4 43.601 645.322 151.452
0 44.612 574.732 355.241
1 44.614 436.88 287.111
2 44.616 463.571 608.542
3 44.617 387.844 88.8003
0 45.629 566.193 360.445
3 45.63 380.508 82.0048
4 45.63 649.266 160.641
1 46.642 446.847 287.926
2 46.642 467.085 617.904
3 46.643 373.171 75.2094
4 46.644 653.21 169.83
0 47.651 561.584 369.32
1 47.652 456.814 288.74
2 47.653 470.599 627.266
3 47.654 365.835 68.414
0 48.661 556.976 378.195
3 48.662 358.499 61.6185
4 48.662 662.488 173.563
1 49.67 465.361 293.931
2 49.671 476.494 635.344
3 49.671 351.162 54.8231
4 49.672 671.765 177.296
0 50.679 556.182 388.163
1 50.68 473.908 299.122
2 50.681 482.389 643.422
3 50.682 343.826 48.0277
0 51.69 555.388 398.132
3 51.691 336.49 41.2322
4 51.693 676.852 185.905
1 52.7 483.875 299.933
2 52.701 483.07 653.398
4 52.702 681.94 194.514
0 53.71 563.685 403.714
1 53.71 493.842 300.743
2 53.712 483.752 663.375
3 53.714 327.892 46.3401
0 54.73 571.981 409.296
3 54.732 319.295 51.448
4 54.734 682.391 204.504
1 55.75 499.289 309.129
2 55.752 492.049 668.958
4 55.755 682.842 214.494
0 56.77 572.411 419.287
1 56.772 504.737 317.515
2 56.774 500.345 674.541
3 56.776 313.864 59.8442
0 57.785 572.84 429.278
3 57.786 308.432 68.2405
4 57.786 687.113 223.536
1 58.8 514.47 319.81
2 58.8 501.049 684.516
4 58.801 691.384 232.578
0 59.804 581.297 434.615
1 59.806 524.203 322.105
2 59.808 501.753 694.491
3 59.809 305.447 77.7845
0 60.819 589.754 439.951
3 60.819 302.461 87.3284
4 60.82 700.199 227.856
1 61.828 519.648 331.007
2 61.829 510.071 700.041
4 61.829 709.014 223.135
0 62.837 594.967 448.485
1 62.838 515.093 339.91
2 62.839 518.39 705.591
3 62.839 292.475 86.8074
0 63.847 600.179 457.019
3 63.849 282.488 86.2864
4 63.85 713.504 232.07
1 64.86 519.185 349.034
2 64.86 519.076 715.568
3 64.861 272.502 85.7653
4 64.862 717.993 241.006
0 65.87 609.112 461.514
1 65.871 523.277 358.158
2 65.872 519.762 725.544
0 66.882 618.045 466.01
3 66.883 264.475 91.7297
4 66.883 726.377 235.556
1 67.891 514.611 353.169
2 67.892 515.44 734.562
3 67.892 256.449 97.6941
4 67.893 734.761 230.105
0 68.901 626.541 460.735
1 68.901 505.944 348.18
2 68.902 511.118 743.58
3 68.903 248.422 103.659
0 69.91 635.036 455.461
1 69.911 497.278 343.19
4 69.912 738.474 220.82
1 70.919 488.612 338.201
2 70.92 501.445 741.046
3 70.921 244.536 112.873
4 70.921 742.187 211.535
0 71.934 639.08 464.607
2 71.936 491.771 738.512
3 71.939 240.65 122.087
0 72.95 643.123 473.753
1 72.951 483.91 347.027
2 72.952 482.098 735.978
4 72.952 739.376 201.938
1 73.96 479.209 355.853
3 73.961 249.555 126.638
4 73.963 736.565 192.341
0 74.974 642.213 483.712
2 74.976 492.042 737.03
3 74.978 258.459 131.19
4 74.979 733.753 182.744
0 75.988 641.304 493.67
1 75.989 474.526 364.688
2 75.989 501.987 738.083
1 77 469.843 373.524
2 77.001 511.931 739.135
3 77.002 262.318 140.415
4 77.003 725.3 177.403
0 78.013 640.321 503.622
2 78.016 521.875 740.188
3 78.017 266.177 149.641
4 78.018 716.846 172.062
0 79.027 639.338 513.573
1 79.028 468.641 383.451
2 79.03 531.82 741.24
0 1.04 416.39 206.48
1 1.041 416.39 206.48
2 1.042 359.53 409.109
3 1.043 289.659 116.914
4 1.043 454.362 76.213
0 2.053 412.687 215.769
1 2.054 412.687 215.769
2 2.056 368.572 413.381
3 2.058 298.628 121.337
4 2.059 450.495 85.4351
0 4.08 422.444 217.959
1 4.082 422.444 217.959
2 4.084 378.548 414.07
3 4.086 308.603 122.047
4 4.088 450.7 95.433
0 5.098 432.202 220.148
1 5.1 432.202 220.148
2 5.102 388.524 414.76
3 5.102 318.577 122.756
4 5.103 450.906 105.431
0 7.126 437.379 211.592
1 7.128 437.379 211.592
2 7.13 397.108 419.891
3 7.131 327.154 127.898
4 7.133 460.218 101.786
0 8.142 442.557 203.037
1 8.143 442.557 203.037
2 8.144 405.691 425.022
3 8.145 335.731 133.04
4 8.146 469.53 98.141
4 9.153 478.842 94.4961
0 10.162 449.523 210.211
1 10.164 449.523 210.211
2 10.165 406.236 435.007
3 10.166 345.723 133.435
0 11.176 456.49 217.385
1 11.177 456.49 217.385
2 11.178 406.781 444.992
3 11.179 355.715 133.831
4 11.18 488.178 98.0792
0 12.187 463.456 224.559
1 12.188 463.456 224.559
4 12.189 497.514 101.662
2 13.2 416.049 448.749
3 13.201 350.08 125.57
0 14.21 468.687 233.083
1 14.211 468.687 233.083
2 14.211 425.316 452.506
3 14.212 344.444 117.309
4 14.212 505.115 95.1633
0 15.227 473.917 241.606
1 15.228 473.917 241.606
3 15.23 338.808 109.048
4 15.231 512.715 88.6643
2 16.24 421.979 461.933
3 16.243 333.173 100.788
4 16.244 520.315 82.1653
0 17.255 483.899 242.209
1 17.256 483.899 242.209
2 17.258 418.642 471.36
0 18.267 493.881 242.812
1 18.268 493.881 242.812
3 18.268 341.972 96.0358
4 18.269 530.285 82.9376
2 19.281 417.977 481.338
3 19.283 350.771 91.284
4 19.284 540.255 83.7099
0 20.293 502.434 247.993
1 20.294 502.434 247.993
2 20.294 417.312 491.316
0 21.303 510.987 253.174
1 21.305 510.987 253.174
3 21.307 347.723 81.7597
4 21.307 546.578 91.457
2 22.318 426.509 495.242
3 22.319 344.675 72.2355
4 22.321 552.902 99.204
0 23.329 511.412 263.165
1 23.33 501.076 251.842
2 23.331 435.707 499.167
3 23.332 341.628 62.7112
0 24.342 511.837 273.156
1 24.343 491.165 250.509
4 24.345 552.137 109.175
1 25.353 481.254 249.177
2 25.354 436.249 509.153
3 25.355 351.566 61.6056
4 25.355 551.372 119.145
0 26.365 517.176 281.611
1 26.366 471.343 247.844
2 26.367 436.79 519.138
3 26.368 361.505 60.5
0 27.376 522.516 290.066
1 27.377 461.432 246.512
4 27.378 557.304 127.196
1 28.385 451.522 245.179
2 28.386 445.518 524.019
3 28.387 371.485 61.1372
4 28.388 563.235 135.247
0 29.395 531.258 294.922
1 29.396 441.611 243.847
2 29.396 454.246 528.9
3 29.397 381.464 61.7743
0 30.405 540 299.778
1 30.406 431.7 242.514
4 30.406 573.231 135.551
1 31.414 421.789 241.182
2 31.415 464.235 529.363
3 31.416 391.396 60.6036
4 31.416 583.226 135.855
0 32.424 548.533 304.992
1 32.425 411.878 239.849
2 32.425 474.225 529.825
3 32.426 401.327 59.433
0 33.435 557.065 310.207
4 33.437 591.676 141.202
1 34.446 405.496 247.547
2 34.448 473.269 539.779
3 34.45 410.681 62.9676
4 34.451 600.127 146.549
0 35.462 556.201 320.169
1 35.463 399.113 255.245
2 35.464 472.314 549.734
3 35.466 420.036 66.5022
0 36.486 555.336 330.132
4 36.487 608.515 141.104
1 37.494 399.471 265.239
2 37.495 471.773 559.719
3 37.496 415.151 75.2277
4 37.496 616.902 135.66
0 38.504 565.305 330.919
1 38.505 399.829 275.233
2 38.505 471.233 569.704
3 38.506 410.266 83.9533
0 39.513 575.274 331.706
4 39.514 626.837 134.516
1 40.521 409.8 275.993
2 40.522 470.726 579.692
3 40.523 406.391 93.1722
4 40.524 636.771 133.372
0 41.531 579.272 340.872
1 41.532 419.771 276.754
2 41.533 470.219 589.679
3 41.534 402.517 102.391
0 42.541 583.271 350.037
4 42.542 641.046 142.412
1 43.55 428.326 281.933
2 43.551 466.895 599.11
3 43.552 395.18 95.5957
4 43.553 645.322 151.452
0 44.562 574.732 355.241
1 44.563 436.88 287.111
2 44.564 463.571 608.542
3 44.564 387.844 88.8003
0 45.572 566.193 360.445
3 45.573 380.508 82.0048
4 45.574 649.266 160.641
1 46.581 446.847 287.926
2 46.582 467.085 617.904
3 46.583 373.171 75.2094
4 46.583 653.21 169.83
0 47.594 561.584 369.32
1 47.596 456.814 288.74
2 47.597 470.599 627.266
3 47.598 365.835 68.414
0 48.611 556.976 378.195
3 48.613 358.499 61.6185
4 48.614 662.488 173.563
1 49.623 465.361 293.931
2 49.624 476.494 635.344
3 49.624 351.162 54.8231
4 49.625 671.765 177.296
0 50.633 556.182 388.163
1 50.633 473.908 299.122
2 50.634 482.389 643.422
3 50.635 343.826 48.0277
0 51.642 555.388 398.132
3 51.643 336.49 41.2322
4 51.644 676.852 185.905
1 52.652 483.875 299.933
2 52.653 483.07 653.398
4 52.653 681.94 194.514
0 53.661 563.685 403.714
1 53.662 493.842 300.743
2 53.663 483.752 663.375
3 53.663 327.892 46.3401
0 54.671 571.981 409.296
3 54.672 319.295 51.448
4 54.673 682.391 204.504
1 55.681 499.289 309.129
2 55.681 492.049 668.958
4 55.682 682.842 214.494
0 56.69 572.411 419.287
1 56.69 504.737 317.515
2 56.691 500.345 674.541
3 56.692 313.864 59.8442
0 57.703 572.84 429.278
3 57.705 308.432 68.2405
4 57.706 687.113 223.536
1 58.718 514.47 319.81
2 58.718 501.049 684.516
4 58.719 691.384 232.578
0 59.726 581.297 434.615
1 59.727 524.203 322.105
2 59.728 501.753 694.491
3 59.729 305.447 77.7845
0 60.74 589.754 439.951
3 60.741 302.461 87.3284
4 60.743 700.199 227.856
1 61.756 519.648 331.007
2 61.758 510.071 700.041
4 61.76 709.014 223.135
0 62.769 594.967 448.485
1 62.77 515.093 339.91
2 62.77 518.39 705.591
3 62.771 292.475 86.8074
0 63.778 600.179 457.019
3 63.779 282.488 86.2864
4 63.78 713.504 232.07
1 64.789 519.185 349.034
2 64.79 519.076 715.568
3 64.791 272.502 85.7653
4 64.791 717.993 241.006
0 65.8 609.112 461.514
1 65.801 523.277 358.158
2 65.801 519.762 725.544
0 66.81 618.045 466.01
3 66.811 264.475 91.7297
4 66.812 726.377 235.556
1 67.823 514.611 353.169
2 67.824 515.44 734.562
3 67.824 256.449 97.6941
4 67.825 734.761 230.105
0 68.834 626.541 460.735
1 68.834 505.944 348.18
2 68.835 511.118 743.58
3 68.836 248.422 103.659
0 69.844 635.036 455.461
1 69.846 497.278 343.19
4 69.848 738.474 220.82
1 70.858 488.612 338.201
2 70.859 501.445 741.046
3 70.859 244.536 112.873
4 70.86 742.187 211.535
0 71.869 639.08 464.607
2 71.869 491.771 738.512
3 71.87 240.65 122.087
0 72.878 643.123 473.753
1 72.879 483.91 347.027
2 72.88 482.098 735.978
4 72.881 739.376 201.938
1 73.89 479.209 355.853
3 73.891 249.555 126.638
4 73.892 736.565 192.341
0 74.901 642.213 483.712
2 74.903 492.042 737.03
3 74.905 258.459 131.19
4 74.906 733.753 182.744
0 75.915 641.304 493.67
1 75.916 474.526 364.688
2 75.916 501.987 738.083
1 76.926 469.843 373.524
2 76.927 511.931 739.135
3 76.928 262.318 140.415
4 76.929 725.3 177.403
0 77.941 640.321 503.622
2 77.943 521.875 740.188
3 77.946 266.177 149.641
4 77.947 716.846 172.062
0 78.957 639.338 513.573
1 78.959 468.641 383.451
2 78.96 531.82 741.24
4 78.961 708.392 166.72
1 79.97 467.438 393.379
2 79.971 541.764 742.293
3 79.971 261.54 158.501
0 80.983 644.119 522.357
3 80.985 256.904 167.361
4 80.988 716.343 160.655
0 81.998 648.899 531.14
1 81.999 462.762 402.218
2 81.999 550.839 738.092
4 82 724.293 154.59
1 83.009 458.086 411.057
2 83.01 559.914 733.891
3 83.011 260.632 176.64
4 83.011 732.244 148.525
0 84.02 657.791 535.716
3 84.02 264.36 185.919
0 85.029 666.682 540.292
1 85.031 454.404 420.355
2 85.032 568.289 739.357
4 85.034 737.342 139.922
1 86.042 450.722 429.652
2 86.044 576.663 744.822
3 86.045 259.616 194.722
4 86.046 742.44 131.319
0 87.054 675.618 544.781
3 87.057 254.872 203.526
4 87.059 747.538 122.717
0 88.067 684.554 549.269
1 88.069 460.628 431.018
2 88.07 585.41 739.976
1 89.079 470.534 432.384
2 89.08 594.157 735.129
3 89.08 249.263 211.804
4 89.081 745.074 113.025
0 90.089 689.605 540.638
3 90.09 243.654 220.083
4 90.091 742.61 103.333
0 91.099 694.655 532.007
1 91.101 479.498 436.817
2 91.103 598.557 726.149
4 91.104 740.146 93.6415
1 92.115 488.462 441.25
2 92.117 602.957 717.169
3 92.119 249.033 228.513
0 93.132 703.371 527.104
3 93.134 254.412 236.943
4 93.137 730.612 90.6243
0 94.148 712.086 522.202
1 94.148 489.108 451.229
2 94.149 612.926 717.961
4 94.15 721.078 87.6071
1 95.157 489.754 461.208
2 95.158 622.894 718.753
3 95.16 264.402 237.391
4 95.161 711.544 84.5899
0 96.169 716.074 531.372
3 96.17 274.392 237.838
0 97.182 720.062 540.543
1 97.183 498.208 466.55
2 97.186 621.659 728.677
4 97.188 707.626 93.7902
1 98.229 506.662 471.891
2 98.23 620.423 738.6
3 98.231 283.004 242.921
4 98.231 703.708 102.991
0 99.241 730.043 541.15
3 99.243 291.616 248.003
0 100.253 740.025 541.758
1 100.253 516.586 470.662
2 100.255 628.184 732.293
4 100.257 709.438 111.186
1 101.267 526.511 469.432
2 101.269 635.944 725.986
3 101.271 301.608 248.412
4 101.273 715.169 119.381
0 102.282 738.59 531.861
2 102.284 643.704 719.679
3 102.286 311.599 248.82
0 103.296 737.155 521.965
1 103.297 535.339 464.736
4 103.298 706.579 124.501
0 104.308 735.72 512.068
1 104.309 544.167 460.039
2 104.31 652.296 714.563
3 104.311 316.835 257.34
4 104.312 697.989 129.622
2 105.322 660.889 709.448
3 105.324 322.07 265.86
0 106.336 739.943 503.004
1 106.338 554.134 460.859
4 106.34 693.735 138.672
0 107.349 744.165 493.939
1 107.35 564.1 461.679
2 107.352 669.834 713.919
3 107.353 325.811 275.134
4 107.354 689.481 147.722
2 108.363 678.779 718.39
3 108.364 329.551 284.408
4 108.366 685.227 156.772
0 109.376 735.361 489.197
1 109.377 568.652 470.583
0 110.386 726.557 484.455
1 110.386 573.204 479.487
2 110.387 677.61 728.321
3 110.388 333.907 293.41
4 110.388 679.194 148.797
0 111.396 717.753 479.712
2 111.397 676.441 738.253
3 111.399 338.263 302.411
4 111.399 673.161 140.822
1 112.41 568.27 488.185
4 112.412 667.128 132.847
0 113.422 710.998 487.086
1 113.423 563.336 496.883
2 113.424 666.752 740.725
3 113.426 347.477 306.297
0 114.437 704.243 494.46
2 114.439 657.062 743.198
3 114.44 356.691 310.183
4 114.442 663.219 123.642
1 115.455 568.663 505.345
2 115.457 647.373 745.67
4 115.459 659.31 114.438
0 116.469 695.976 488.833
1 116.47 573.991 513.808
3 116.472 365.437 315.033
4 116.473 655.4 105.234
0 117.482 687.71 483.206
2 117.483 644.022 736.248
3 117.483 374.182 319.883
0 118.491 679.443 477.579
1 118.492 582.34 519.312
2 118.494 640.672 726.826
4 118.494 645.925 102.036
1 119.502 590.688 524.817
2 119.503 637.322 717.404
3 119.505 374.966 329.852
4 119.506 636.45 98.8392
0 120.514 674.128 486.049
2 120.515 633.972 707.982
3 120.516 375.75 339.821
4 120.518 626.975 95.6419
0 121.53 668.812 494.519
1 121.532 584.804 532.902
2 121.533 630.621 698.56
0 122.544 663.496 502.99
1 122.545 578.92 540.988
3 122.547 371.388 348.82
4 122.548 617.284 98.109
2 123.558 621.062 695.625
3 123.559 367.027 357.818
4 123.56 607.593 100.576
0 124.572 670.196 495.566
1 124.574 584.871 549.024
2 124.576 611.502 692.689
4 124.578 597.903 103.043
0 125.593 676.896 488.142
1 125.595 590.823 557.06
2 125.597 601.943 689.754
3 125.599 359.344 364.219
0 126.612 683.595 480.718
3 126.615 351.66 370.62
4 126.617 592.39 94.6996
0 127.626 690.295 473.294
1 127.627 600.283 560.301
2 127.629 604.684 680.137
3 127.63 343.977 377.02
4 127.63 586.878 86.3561
0 128.641 696.995 465.87
1 128.643 609.743 563.542
2 128.646 607.426 670.521
3 128.648 336.294 383.421
4 128.649 581.366 78.0125
0 129.658 703.695 458.446
2 129.66 610.168 660.904
1 130.668 618.246 558.278
3 130.67 328.014 377.814
4 130.671 587.268 69.9405
0 131.681 712.504 453.714
1 131.683 626.748 553.014
2 131.684 603.089 667.967
3 131.686 319.734 372.206
4 131.688 593.171 61.8685
0 132.696 721.313 448.981
2 132.697 596.011 675.031
3 132.699 311.454 366.599
1 133.707 625.233 562.898
2 133.707 588.932 682.095
4 133.709 589.251 52.6689
0 134.717 731.235 447.732
1 134.718 623.719 572.783
2 134.72 581.854 689.158
3 134.721 315.683 357.537
4 134.721 585.331 43.4694
0 135.73 741.156 446.484
1 135.732 622.204 582.667
2 135.733 574.775 696.222
3 135.734 319.912 348.475
4 135.735 581.41 34.2698
0 137.753 733.106 440.552
1 137.754 618.919 592.112
2 137.756 565.527 700.026
3 137.758 326.479 340.934
4 137.759 590.104 29.3288
0 138.768 725.055 434.62
1 138.769 615.633 601.557
2 138.77 556.279 703.829
3 138.772 333.046 333.392
4 138.772 598.799 24.3878
0 139.784 717.005 428.688
1 139.785 612.348 611.002
2 139.788 547.03 707.633
0 140.798 708.954 422.756
1 140.799 609.062 620.447
3 140.801 323.296 331.17
4 140.801 607.741 28.8638
1 141.809 605.777 629.892
2 141.81 543.461 698.291
3 141.811 313.546 328.948
4 141.812 616.683 33.3398
0 142.82 700.221 427.627
1 142.821 602.491 639.337
2 142.823 539.891 688.95
3 142.823 303.796 326.726
0 143.832 691.487 432.497
2 143.833 536.322 679.609
4 143.835 626.658 34.05
0 144.847 682.754 437.368
1 144.849 612.351 641.008
3 144.85 299.147 335.579
4 144.852 636.633 34.7602
1 145.863 622.21 642.679
2 145.864 529.895 671.948
3 145.865 294.498 344.433
0 146.872 672.924 439.208
1 146.873 632.069 644.351
2 146.874 523.468 664.286
3 146.875 289.849 353.287
4 146.876 645.204 39.9112
0 147.885 663.095 441.047
2 147.886 517.041 656.625
4 147.886 653.775 45.0621
0 148.895 653.265 442.886
1 148.897 642.046 645.038
3 148.899 284.291 361.6
1 149.907 652.022 645.726
2 149.909 520.926 647.41
3 149.91 278.733 369.913
4 149.911 662.885 40.9377
0 150.921 647.121 434.996
2 150.923 524.81 638.196
4 150.924 671.995 36.8132
0 151.935 640.977 427.106
1 151.936 662.022 645.836
2 151.938 528.694 628.981
3 151.939 282.238 379.278
0 152.947 634.832 419.217
1 152.95 672.021 645.945
3 152.95 285.744 388.644
4 152.951 676.605 45.6875
2 153.959 537.411 624.079
4 153.96 681.214 54.5617
0 154.968 638.151 409.783
1 154.969 682.021 645.967
2 154.971 546.127 619.178
3 154.972 276.141 385.853
0 155.98 641.47 400.35
1 155.981 692.021 645.989
3 155.983 266.538 383.062
4 155.983 675.785 62.9594
2 156.992 556.086 618.269
3 156.994 256.935 380.272
4 156.995 670.355 71.3571
0 158.007 650.805 403.934
1 158.009 702.021 645.993
2 158.01 566.044 617.361
0 159.018 660.141 407.518
1 159.019 712.021 645.998
3 159.02 252.93 389.435
4 159.02 673.171 80.9525
2 160.033 569.976 626.556
3 160.035 248.925 398.597
4 160.037 675.987 90.5479
0 161.048 665.271 398.934
1 161.05 722.021 645.999
2 161.051 573.907 635.75
0 162.064 670.4 390.35
1 162.066 732.021 646
2 162.068 577.839 644.945
3 162.07 253.184 407.645
4 162.071 667.731 84.9048
0 163.081 675.53 381.766
2 163.083 581.77 654.14
3 163.084 257.443 416.693
4 163.085 659.476 79.2617
1 164.094 738.66 653.478
4 164.095 651.22 73.6187
0 165.109 685.461 380.596
1 165.111 745.298 660.957
2 165.114 589.284 647.541
3 165.116 261.883 425.653
4 165.117 642.964 67.9756
0 166.127 695.393 379.425
2 166.129 596.797 640.942
3 166.129 266.322 434.614
1 167.141 744.306 670.907
2 167.144 604.311 634.343
4 167.147 632.964 67.985
0 168.156 704.623 375.577
1 168.158 743.313 680.858
2 168.16 611.825 627.745
3 168.16 271.894 442.918
4 168.161 622.964 67.9944
0 169.169 713.853 371.729
2 169.171 619.339 621.146
3 169.173 277.465 451.222
4 169.174 612.964 68.0038
1 170.184 739.436 690.076
2 170.186 626.852 614.547
0 171.2 723.077 375.59
1 171.202 735.559 699.293
2 171.204 634.366 607.948
3 171.206 273.628 460.456
4 171.208 603.46 64.8938
0 172.221 732.301 379.452
2 172.223 641.88 601.349
3 172.225 269.791 469.691
4 172.227 593.956 61.7839
1 173.237 735.738 709.292
4 173.237 584.452 58.674
0 174.247 738.762 387.085
1 174.248 735.916 719.29
2 174.25 650.688 596.616
3 174.252 273.244 479.076
4 174.252 574.948 55.564
0 175.261 745.222 394.718
2 175.262 659.497 591.882
3 175.263 276.697 488.46
4 175.263 565.444 52.4541
1 176.271 735.95 729.29
0 177.283 745.984 404.689
1 177.284 735.984 739.29
2 177.285 656.558 582.324
3 177.286 285.205 493.715
4 177.287 556.973 47.1394
0 178.298 746.745 414.66
2 178.3 653.618 572.766
3 178.302 293.713 498.97
4 178.303 548.502 41.8247
1 179.316 726.429 742.239
2 179.318 650.679 563.208
4 179.319 540.031 36.51
0 180.331 746.269 404.671
1 180.333 716.873 745.188
3 180.335 297.234 508.33
0 181.345 745.794 394.682
1 181.346 707.318 748.136
2 181.348 658.495 569.445
3 181.349 300.755 517.69
4 181.351 530.786 40.3198
0 182.363 745.318 384.694
2 182.365 666.311 575.682
4 182.367 521.54 44.1295
0 183.378 744.843 374.705
1 183.38 707.569 738.139
2 183.381 674.128 581.92
3 183.383 301.288 527.675
0 184.393 744.367 364.716
1 184.393 707.82 728.143
2 184.395 681.944 588.157
3 184.396 301.822 537.661
4 184.397 513.132 49.5436
0 185.405 743.892 354.728
1 185.406 708.072 718.146
4 185.407 504.724 54.9577
2 186.418 691.371 584.822
3 186.419 307.259 546.053
4 186.419 496.317 60.3718
0 187.431 741.304 345.068
1 187.432 702.814 709.64
2 187.434 700.799 581.486
3 187.436 312.697 554.446
0 188.448 738.717 335.409
1 188.45 697.555 701.134
4 188.452 488.342 54.3381
0 189.461 736.129 325.749
2 189.462 710.136 585.067
3 189.463 321.658 558.885
4 189.464 480.368 48.3045
1 190.476 688.72 696.451
2 190.478 719.473 588.647
3 190.479 330.618 563.325
4 190.481 472.393 42.2709
0 191.493 726.608 322.692
1 191.495 679.884 691.768
0 192.507 717.087 319.634
1 192.508 671.048 687.085
2 192.509 728.041 593.803
3 192.51 340.593 564.039
4 192.511 475.02 32.622
0 193.519 707.566 316.576
2 193.52 736.609 598.96
3 193.521 350.567 564.754
4 193.522 477.646 22.9731
1 194.531 661.887 683.077
4 194.532 480.273 13.3243
0 195.542 703.642 325.774
1 195.543 652.725 679.068
2 195.543 741.037 607.926
3 195.544 359.145 569.895
0 196.556 699.718 334.972
1 196.558 643.564 675.059
2 196.559 745.465 616.892
3 196.561 367.722 575.035
4 196.564 471.523 8.4827
4 197.574 462.773 3.64116
0 198.585 690.1 337.707
1 198.586 653.51 674.02
2 198.587 744.475 606.941
3 198.589 368.255 585.021
4 198.589 454.023 -1.20039
0 199.598 680.481 340.442
1 199.601 663.456 672.981
2 199.602 743.486 596.99
3 199.603 368.787 595.007
0 200.614 670.862 343.177
1 200.615 673.402 671.943
2 200.617 742.496 587.039
4 200.618 444.062 -0.324435
1 201.628 683.348 670.904
2 201.63 741.506 577.088
3 201.632 377.009 600.699
4 201.633 434.1 0.551518
0 202.641 662.41 348.521
1 202.643 693.294 669.865
2 202.644 740.516 567.138
3 202.645 385.231 606.391
4 202.645 424.139 1.42747
0 203.657 653.958 353.865
0 204.668 645.506 359.209
1 204.669 703.293 669.922
2 204.67 736.746 576.4
3 204.67 395.105 607.972
4 204.671 414.14 1.25745
1 205.68 713.293 669.979
2 205.684 732.976 585.662
3 205.685 404.98 609.553
4 205.686 404.142 1.08743
0 206.698 635.869 361.88
2 206.699 729.207 594.924
3 206.702 414.854 611.134
4 206.703 394.143 0.91741
0 207.719 626.232 364.55
1 207.72 714.428 660.043
2 207.722 725.437 604.186
3 207.724 424.728 612.715
0 208.736 616.595 367.221
1 208.737 715.562 650.108
2 208.739 721.667 613.448
3 208.74 434.602 614.296
4 208.741 390.816 10.3478
1 209.753 716.697 640.173
2 209.755 717.897 622.711
4 209.758 387.489 19.7782
0 210.769 611.896 376.048
1 210.771 717.831 630.237
3 210.774 438.923 623.314
0 211.784 607.196 384.875
1 211.785 718.966 620.302
2 211.786 709.223 617.734
3 211.787 443.243 632.333
4 211.788 397.43 20.8707
2 212.798 700.549 612.758
4 212.799 407.37 21.9632
0 213.807 603.358 394.109
1 213.808 709.118 618.561
2 213.809 691.875 607.781
3 213.81 438.759 623.395
4 213.81 417.31 23.0557
0 214.819 599.52 403.343
1 214.82 699.271 616.82
3 214.822 434.275 614.456
4 214.823 427.25 24.1482
1 215.831 689.424 615.08
2 215.831 682.42 611.036
3 215.832 429.791 605.518
4 215.833 437.19 25.2407
0 216.846 589.871 405.969
1 216.847 679.576 613.339
2 216.848 672.965 614.291
3 216.85 425.307 596.58
0 217.859 580.222 408.596
1 217.861 669.729 611.599
2 217.864 663.509 617.546
3 217.865 420.823 587.641
4 217.866 427.738 21.9763
0 218.876 570.573 411.222
4 218.878 418.286 18.7119
0 219.889 560.924 413.849
1 219.89 659.814 610.297
2 219.892 654.572 622.032
3 219.893 426.024 579.1
4 219.894 408.834 15.4475
0 220.904 551.276 416.475
1 220.905 649.899 608.995
2 220.907 645.635 626.518
3 220.908 431.224 570.559
4 220.909 399.381 12.1832
0 221.917 541.627 419.102
1 221.918 639.984 607.693
2 221.92 636.697 631.004
3 221.921 436.425 562.017
4 221.922 389.929 8.91877
1 222.929 630.069 606.392
2 222.931 627.76 635.49
4 222.932 380.477 5.65438
0 223.944 532.776 423.756
1 223.945 620.154 605.09
2 223.948 618.823 639.976
3 223.949 428.057 556.542
4 223.95 371.025 2.38999
0 224.96 523.925 428.41
1 224.961 610.239 603.788
2 224.962 609.885 644.462
3 224.963 419.689 551.068
0 225.976 515.074 433.065
1 225.977 600.324 602.487
2 225.979 600.948 648.948
3 225.981 411.321 545.593
4 225.983 361.04 1.8354
1 226.997 590.409 601.185
2 226.999 592.011 653.434
4 227.001 351.056 1.28081
0 228.013 512.008 423.546
2 228.014 583.073 657.92
3 228.016 402.257 549.819
4 228.017 341.071 0.726218
0 229.025 508.942 414.028
1 229.027 584.101 593.426
2 229.028 574.136 662.406
3 229.029 393.194 554.044
0 230.042 505.876 404.509
1 230.044 577.793 585.666
2 230.046 565.199 666.892
4 230.048 331.072 0.835414
1 231.061 571.485 577.907
3 231.063 384.405 549.275
4 231.064 321.072 0.944611
0 232.074 506.739 394.547
2 232.075 558.69 659.301
3 232.076 375.616 544.505
4 232.076 311.073 1.05381
0 233.088 507.603 384.584
1 233.09 563.247 583.575
2 233.092 552.181 651.709
3 233.093 366.827 539.735
1 234.103 555.008 589.243
4 234.104 301.073 1.03235
0 235.111 499.594 378.596
2 235.112 549.551 642.061
3 235.114 365.121 529.882
4 235.114 291.073 1.01089
0 236.126 491.585 372.608
1 236.128 545.55 585.995
2 236.129 546.922 632.413
3 236.132 363.415 520.028
4 236.133 281.073 0.989426
0 237.145 483.576 366.619
1 237.147 536.092 582.748
2 237.148 544.293 622.765
3 237.15 361.708 510.175
0 238.16 475.568 360.631
1 238.162 526.634 579.501
2 238.164 541.664 613.117
3 238.165 360.002 500.322
4 238.166 277.762 10.4256
0 239.176 467.559 354.643
2 239.178 539.035 603.468
3 239.179 358.296 490.468
4 239.181 274.452 19.8617
0 240.193 459.55 348.654
1 240.194 517.562 583.709
2 240.196 536.406 593.82
3 240.198 356.59 480.615
1 241.207 508.491 587.917
3 241.208 354.884 470.761
4 241.209 279.74 28.3489
0 242.217 450.003 345.678
2 242.218 527.167 597.647
3 242.22 353.178 460.908
4 242.221 285.029 36.8362
0 243.229 440.457 342.701
1 243.23 507.941 597.902
2 243.231 517.928 601.474
3 243.231 351.472 451.055
0 244.243 430.91 339.725
1 244.245 507.392 607.887
2 244.247 508.689 605.3
3 244.249 349.766 441.201
4 244.251 282.907 46.6085
1 245.263 506.842 617.872
3 245.265 348.06 431.348
4 245.267 280.786 56.3809
0 246.282 427.335 349.064
2 246.284 501.478 612.228
0 247.294 423.76 358.403
1 247.297 504.656 608.113
2 247.299 494.267 619.156
3 247.3 340.824 424.446
4 247.301 271.641 60.4266
1 248.313 502.471 598.355
2 248.315 487.056 626.085
3 248.317 333.588 417.544
4 248.32 262.495 64.4722
0 249.333 432.126 363.881
1 249.335 500.285 588.597
2 249.337 479.845 633.013
3 249.338 326.351 410.642
4 249.34 253.35 68.5178
0 250.355 440.492 369.358
1 250.357 498.1 578.839
2 250.359 472.634 639.941
3 250.361 319.115 403.74
1 251.375 495.914 569.08
2 251.377 465.422 646.869
3 251.379 311.879 396.838
4 251.381 245.075 74.1314
0 252.391 439.525 379.311
2 252.391 458.211 653.797
4 252.392 236.799 79.7449
0 253.402 438.558 389.264
1 253.403 500.401 560.144
3 253.405 306.209 405.075
4 253.406 228.523 85.3584
0 254.415 437.59 399.218
1 254.416 504.888 551.207
2 254.417 452.458 661.976
3 254.418 300.538 413.312
2 255.425 446.704 670.155
4 255.426 220.027 80.085
0 256.438 429.555 393.265
1 256.439 514.12 547.363
3 256.441 291.919 408.243
4 256.442 211.53 74.8116
0 257.453 421.52 387.312
1 257.455 523.351 543.519
2 257.456 450.968 679.201
3 257.458 283.299 403.173
4 257.459 203.033 69.5382
0 258.47 413.485 381.359
2 258.472 455.231 688.247
3 258.474 274.68 398.103
1 259.486 532.179 538.822
3 259.488 266.06 393.033
4 259.489 198.143 78.2606
0 260.501 407.431 373.4
1 260.503 541.008 534.124
2 260.506 461.219 696.256
3 260.508 257.441 387.963
4 260.509 193.252 86.9831
0 261.519 401.377 365.44
2 261.52 467.207 704.265
3 261.521 248.821 382.894
0 262.529 395.323 357.481
1 262.53 547.03 542.108
3 262.532 240.201 377.824
4 262.533 183.546 89.3911
1 263.541 553.052 550.091
2 263.542 460.861 711.993
3 263.542 231.582 372.754
4 263.543 173.841 91.799
0 264.552 396.751 347.583
2 264.554 454.514 719.721
0 265.564 398.18 337.686
1 265.565 545.057 544.085
2 265.566 448.168 727.449
3 265.567 222.045 369.746
4 265.568 168.965 100.53
0 266.576 399.608 327.788
1 266.578 537.062 538.078
3 266.58 212.508 366.738
4 266.581 164.089 109.26
1 267.59 529.067 532.071
2 267.591 439.138 731.746
3 267.592 202.971 363.729
0 268.6 408.382 322.991
1 268.601 521.072 526.064
2 268.603 430.109 736.044
4 268.603 159.229 118
0 269.614 417.157 318.195
1 269.616 513.077 520.058
3 269.618 198.885 372.856
4 269.62 154.369 126.74
0 270.63 425.931 313.398
2 270.631 421.328 731.26
3 270.632 194.799 381.983
1 271.64 521.193 514.216
2 271.642 412.546 726.477
4 271.643 153.806 136.724
0 272.65 435.907 314.091
1 272.652 529.31 508.375
2 272.653 403.765 721.693
3 272.654 194.882 391.983
4 272.654 153.242 146.708
0 273.657 445.883 314.783
1 273.658 537.427 502.534
3 273.658 194.966 401.982
2 274.666 399.419 730.699
4 274.667 149.906 156.135
0 275.676 436.301 311.921
1 275.677 527.456 503.295
2 275.678 395.073 739.705
3 275.68 190.766 392.907
4 275.681 146.57 165.562
0 276.694 426.72 309.059
1 276.697 517.485 504.056
3 276.699 186.566 383.832
0 277.71 417.138 306.197
1 277.711 507.514 504.816
2 277.713 386.001 735.496
3 277.713 182.366 374.757
4 277.714 150.087 174.923
0 278.722 407.556 303.335
1 278.723 497.543 505.577
2 278.724 376.93 731.288
3 278.727 178.166 365.681
4 278.73 153.604 184.285
0 279.738 397.975 300.473
1 279.739 487.572 506.338
2 279.74 367.859 727.079
3 279.741 173.967 356.606
0 280.749 388.393 297.611
4 280.75 147.162 191.933
0 281.764 378.811 294.749
1 281.765 478.636 501.849
2 281.766 363.127 718.269
3 281.766 165.429 361.812
4 281.767 140.721 199.582
1 282.778 469.7 497.361
2 282.779 358.395 709.459
3 282.779 156.891 367.018
4 282.78 134.279 207.231
0 283.79 376.254 285.081
1 283.792 460.764 492.872
2 283.793 353.663 700.65
3 283.795 148.352 372.224
0 284.804 373.697 275.414
4 284.805 135.001 217.205
0 285.815 371.139 265.746
1 285.816 455.891 484.14
2 285.817 347.108 708.202
3 285.818 147.368 382.175
4 285.818 135.723 227.179
1 286.826 451.018 475.407
2 286.827 340.554 715.754
3 286.827 146.383 392.127
0 287.836 362.938 260.025
1 287.837 446.145 466.675
2 287.838 333.999 723.306
4 287.84 145.021 230.86
0 288.848 354.736 254.304
3 288.849 138.316 386.218
4 288.85 154.318 234.542
0 289.861 346.534 248.582
1 289.862 436.145 466.548
2 289.864 338.521 732.225
3 289.865 130.248 380.309
1 290.872 426.146 466.421
2 290.874 343.044 741.143
3 290.875 122.181 374.4
4 290.876 158.775 243.494
0 291.885 341.986 239.677
1 291.885 416.147 466.294
4 291.886 163.231 252.446
0 292.896 337.437 230.771
1 292.898 406.148 466.167
2 292.9 333.132 739.82
3 292.901 117.269 383.11
0 293.909 332.888 221.866
1 293.911 396.149 466.04
2 293.912 323.22 738.497
3 293.913 112.357 391.821
4 293.914 158.296 261.144
2 294.925 313.308 737.175
4 294.927 153.36 269.841
0 295.939 342.225 218.284
1 295.94 391.622 474.957
3 295.942 119.04 384.382
0 296.955 351.562 214.703
1 296.956 387.095 483.873
2 296.958 304.802 731.916
3 296.96 125.723 376.943
4 296.961 158.672 278.313
2 297.968 296.297 726.657
3 297.97 132.406 369.505
4 297.971 163.985 286.786
0 298.982 360.941 218.171
1 298.984 390.829 493.15
2 298.986 287.791 721.398
3 298.988 139.089 362.066
0 299.998 370.32 221.639
1 299.999 394.562 502.427
3 300 145.773 354.627
4 300.001 172.33 292.295
2 301.011 289.8 711.602
3 301.012 152.456 347.188
4 301.014 180.675 297.805
0 302.026 375.376 213.011
1 302.028 384.952 505.194
2 302.03 291.809 701.806
3 302.032 159.139 339.75
0 303.045 380.431 204.383
1 303.047 375.343 507.961
2 303.049 293.818 692.009
3 303.051 165.822 332.311
4 303.053 190.675 297.885
0 304.064 385.487 195.756
1 304.064 365.733 510.727
4 304.066 200.674 297.965
1 305.08 356.124 513.494
2 305.083 302.695 696.615
3 305.084 175.639 334.215
0 306.097 388.391 186.187
1 306.1 346.514 516.261
2 306.101 311.571 701.221
3 306.104 185.456 336.119
4 306.105 206.688 305.955
0 307.114 391.295 176.618
1 307.115 336.904 519.028
4 307.116 212.701 313.945
0 308.124 394.199 167.048
2 308.125 316.145 692.328
3 308.126 195.416 335.222
1 309.135 330.877 511.048
2 309.136 320.719 683.435
3 309.138 205.376 334.326
4 309.139 213.264 323.93
0 310.148 385.683 161.807
1 310.149 324.85 503.069
4 310.151 213.826 333.914
0 311.161 377.167 156.565
1 311.163 318.823 495.089
2 311.164 328.866 677.637
3 311.166 195.466 335.665
2 312.174 337.013 671.838
3 312.177 185.556 337.005
4 312.179 216.825 324.374
0 313.187 387.159 156.162
1 313.188 321.307 485.402
3 313.19 175.646 338.344
4 313.19 219.823 314.834
0 314.198 397.151 155.76
1 314.2 323.791 475.716
2 314.201 346.927 673.145
3 314.202 165.736 339.684
4 314.202 222.822 305.294
0 315.214 407.143 155.357
2 315.216 356.841 674.452
3 315.218 155.826 341.023
4 315.221 225.82 295.754
0 316.231 417.135 154.954
1 316.234 324.26 465.727
3 316.236 145.916 342.362
1 317.245 324.73 455.738
2 317.246 365.791 678.913
3 317.246 136.007 343.702
4 317.247 234.974 291.729
0 318.255 427.125 155.392
1 318.255 325.2 445.749
2 318.257 374.74 683.375
3 318.258 126.097 345.041
4 318.259 244.128 287.703
0 319.267 437.115 155.83
3 319.269 116.187 346.38
1 320.279 315.471 443.438
2 320.279 383.956 679.494
4 320.281 244.083 297.703
0 321.289 446.533 159.192
1 321.29 305.741 441.126
2 321.29 393.172 675.612
3 321.291 112.53 337.073
4 321.291 244.037 307.703
0 322.3 455.951 162.554
3 322.302 108.873 327.766
4 322.303 243.992 317.703
1 323.316 303.126 450.778
2 323.318 388.651 666.692
3 323.32 105.215 318.458
0 324.333 460.194 171.61
1 324.335 300.51 460.43
2 324.336 384.131 657.773
4 324.338 247.738 326.975
0 325.349 464.437 180.665
1 325.351 297.894 470.082
2 325.352 379.61 648.853
3 325.354 113.609 313.023
4 325.355 251.484 336.247
2 326.367 375.089 639.933
3 326.368 122.003 307.588
0 327.378 470.453 188.653
1 327.378 289.631 475.714
2 327.379 370.568 631.013
4 327.38 260.586 332.105
0 328.391 476.47 196.64
1 328.393 281.368 481.346
2 328.395 366.047 622.094
3 328.398 131.982 306.928
4 328.399 269.687 327.963
1 329.411 273.104 486.978
3 329.413 141.96 306.267
0 330.428 485.481 200.976
1 330.429 264.841 492.61
2 330.431 356.72 625.698
4 330.433 274.871 319.411
0 331.445 494.492 205.312
1 331.446 256.578 498.243
2 331.448 347.392 629.303
3 331.45 134.389 299.734
4 331.451 280.055 310.859
3 332.462 126.819 293.2
4 332.463 285.238 302.308
0 333.474 503.278 210.087
1 333.475 251.104 506.611
2 333.477 338.019 632.788
3 333.478 119.248 286.666
0 334.486 512.065 214.862
1 334.486 245.63 514.98
2 334.487 328.646 636.273
3 334.489 111.678 280.133
4 334.49 288.757 292.947
4 335.501 292.276 283.587
0 336.513 521.355 218.563
1 336.515 237.724 508.856
2 336.515 321.691 643.458
3 336.516 115.905 271.07
0 337.525 530.644 222.264
1 337.526 229.818 502.732
2 337.528 314.737 650.644
3 337.53 120.131 262.007
4 337.531 283.029 279.778
1 338.54 221.913 496.609
2 338.541 307.782 657.83
4 338.542 273.783 275.97
0 339.55 540.631 221.746
2 339.551 300.827 665.015
3 339.552 111.177 257.554
4 339.553 264.536 272.162
0 340.564 550.617 221.228
1 340.565 226.795 487.881
2 340.568 293.873 672.201
3 340.569 102.224 253.101
1 341.582 231.676 479.154
2 341.584 286.918 679.387
4 341.586 255.048 269.005
0 342.597 560.589 221.983
2 342.598 279.964 686.572
3 342.599 98.627 262.431
4 342.599 245.559 265.848
0 343.608 570.56 222.739
1 343.609 228.648 469.624
2 343.609 273.009 693.758
3 343.61 95.0302 271.762
4 343.61 236.071 262.691
1 344.619 225.619 460.093
2 344.621 266.054 700.944
3 344.623 91.4334 281.093
0 345.633 566.11 231.694
1 345.634 222.59 450.563
3 345.634 87.8366 290.424
4 345.635 226.662 266.079
0 346.643 561.659 240.649
2 346.644 261.406 709.798
4 346.644 217.254 269.468
0 347.654 557.209 249.604
1 347.655 214.612 444.533
2 347.656 256.758 718.652
3 347.657 78.9172 294.945
1 348.667 206.635 438.503
3 348.669 69.9977 299.467
4 348.671 208.365 264.887
0 349.68 556.269 259.56
1 349.682 198.657 432.473
2 349.683 251.934 727.411
3 349.684 61.0782 303.988
4 349.685 199.476 260.306
0 350.697 555.329 269.516
2 350.699 247.109 736.17
4 350.701 190.586 255.726
1 351.712 188.961 430.027
3 351.712 61.9105 313.953
0 352.721 564.695 273.021
1 352.721 179.265 427.581
2 352.722 238.625 730.877
3 352.723 62.7427 323.919
4 352.723 196.554 247.701
0 353.733 574.06 276.526
1 353.735 169.569 425.134
2 353.737 230.141 725.584
4 353.738 202.522 239.677
3 354.746 55.9639 316.567
4 354.747 208.489 231.653
0 355.755 582.47 281.937
1 355.756 165.708 434.359
2 355.757 221.253 730.166
3 355.758 49.1851 309.215
0 356.767 590.879 287.348
1 356.768 161.848 443.584
2 356.768 212.365 734.749
3 356.769 42.4064 301.863
4 356.77 213.149 222.805
3 357.778 35.6276 294.512
4 357.778 217.809 213.957
0 358.789 595.114 296.407
1 358.791 161.91 453.584
2 358.791 204.454 728.632
4 358.792 222.469 205.109
0 359.803 599.348 305.467
1 359.806 161.973 463.584
2 359.808 196.544 722.514
3 359.81 38.9822 285.091
2 360.825 188.634 716.397
3 360.826 42.3368 275.671
4 360.827 225.932 195.728
0 361.835 600.468 315.404
1 361.835 171.954 464.198
4 361.836 229.395 186.347
0 362.848 601.588 325.341
1 362.85 181.935 464.811
2 362.851 184.496 707.293
3 362.853 45.7738 266.28
2 363.863 180.358 698.189
3 363.864 49.2107 256.889
4 363.866 219.82 183.463
0 364.877 610.677 329.511
1 364.879 177.063 473.545
2 364.881 176.221 689.085
3 364.883 52.6477 247.498
4 364.885 210.245 180.58
0 365.896 619.766 333.681
1 365.897 172.192 482.278
4 365.899 200.67 177.696
0 366.909 628.855 337.851
1 366.91 167.32 491.011
2 366.911 185.365 685.037
3 366.912 43.8923 242.666
2 367.924 194.509 680.988
3 367.925 35.137 237.835
4 367.927 191.566 181.834
0 368.939 633.713 329.11
1 368.939 172.011 499.843
3 368.94 26.3817 233.003
4 368.941 182.462 185.972
0 369.949 638.571 320.37
1 369.95 176.702 508.674
2 369.951 203.408 685.548
2 370.959 212.308 690.108
3 370.961 31.051 224.16
4 370.962 186.593 195.079
0 371.97 647.648 316.173
1 371.971 171.112 516.966
3 371.972 35.7203 215.317
4 371.973 190.724 204.186
0 372.981 656.725 311.977
1 372.982 165.523 525.258
2 372.983 222.302 690.469
2 373.995 232.295 690.83
3 373.997 40.2311 206.393
4 373.999 185.508 212.718
0 375.008 665.695 307.556
1 375.009 169.369 534.488
3 375.011 44.7419 197.468
4 375.011 180.292 221.25
0 376.02 674.665 303.136
1 376.021 173.216 543.719
2 376.022 237.325 682.187
3 376.022 49.2527 188.543
2 377.035 242.355 673.544
4 377.037 180.085 211.252
0 378.047 677.204 293.464
1 378.047 178.837 551.99
2 378.05 247.385 664.902
3 378.05 57.6424 193.985
4 378.051 179.877 201.254
0 379.059 679.742 283.791
1 379.061 184.458 560.26
3 379.062 66.0322 199.426
4 379.062 179.67 191.257
2 380.074 256.868 661.728
4 380.076 179.462 181.259
0 381.089 689.729 284.31
1 381.091 180.618 569.493
2 381.094 266.352 658.555
3 381.096 64.3462 209.283
4 381.097 179.255 171.261
0 382.11 699.715 284.829
1 382.111 176.777 578.726
3 382.114 62.6602 219.14
4 382.115 179.047 161.263
2 383.127 271.701 650.107
0 384.139 707.761 278.891
1 384.14 168.72 584.649
2 384.14 277.051 641.658
3 384.141 71.401 223.998
4 384.142 183.777 152.453
0 385.15 715.807 272.952
1 385.152 160.663 590.572
2 385.153 282.4 633.209
3 385.153 80.1418 228.856
4 385.154 188.508 143.642
0 386.163 723.853 267.014
1 386.165 152.606 596.495
4 386.166 193.238 134.832
0 387.175 731.898 261.075
2 387.178 286.708 624.184
3 387.18 90.1417 228.906
1 388.19 147.856 605.295
2 388.193 291.015 615.159
3 388.194 100.142 228.956
4 388.195 203.238 134.902
0 389.202 738.581 268.514
1 389.203 143.107 614.096
3 389.205 110.141 229.006
4 389.206 213.237 134.973
0 390.218 745.263 275.954
2 390.219 294.632 605.836
1 391.23 142.229 624.057
2 391.231 298.249 596.513
3 391.232 108.569 219.13
4 391.233 210.902 125.25
0 392.241 740.045 284.484
1 392.242 141.351 634.018
3 392.243 106.996 209.255
4 392.243 208.567 115.526
0 393.251 734.826 293.014
2 393.253 308.229 597.138
3 393.254 105.423 199.379
4 393.255 206.232 105.803
1 394.266 136.763 642.904
2 394.268 318.21 597.763
0 395.278 726.927 286.883
1 395.28 132.175 651.789
3 395.281 100.877 190.472
4 395.281 211.821 114.095
0 396.293 719.027 280.752
2 396.294 328.143 596.609
3 396.296 96.3305 181.566
4 396.298 217.41 122.387
0 397.311 711.127 274.621
1 397.312 137.533 660.232
2 397.314 338.076 595.456
3 397.318 91.7841 172.659
4 397.32 223 130.679
0 398.333 703.227 268.49
1 398.334 142.891 668.676
4 398.336 228.589 138.972
0 399.351 695.327 262.358
2 399.353 328.83 591.646
3 399.355 82.2298 169.706
4 399.357 234.178 147.264
0 400.371 687.427 256.227
1 400.373 145.806 678.241
2 400.375 319.584 587.837
3 400.377 72.6756 166.754
1 401.391 148.722 687.807
2 401.392 310.338 584.027
3 401.395 63.1214 163.801
4 401.396 244.178 147.217
0 402.406 678.918 250.974
2 402.408 301.092 580.218
4 402.408 254.178 147.169
0 403.419 670.409 245.721
1 403.421 142.385 695.543
2 403.424 291.846 576.409
3 403.425 71.3157 158.07
4 403.426 264.178 147.122
0 404.437 661.899 240.469
1 404.439 136.048 703.279
2 404.44 282.6 572.599
3 404.441 79.5099 152.338
4 404.442 274.177 147.075
3 405.45 87.7042 146.606
4 405.451 284.177 147.028
0 406.461 657.062 249.221
1 406.462 127.218 707.973
2 406.463 279.648 563.045
4 406.465 294.177 146.98
0 407.476 652.225 257.973
1 407.477 118.389 712.667
2 407.479 276.696 553.491
3 407.48 97.2356 149.631
2 408.494 273.744 543.936
3 408.496 106.767 152.656
4 408.499 303.873 149.43
0 409.511 652.132 267.973
1 409.512 123.951 720.977
4 409.513 313.568 151.88
0 410.528 652.038 277.972
1 410.531 129.514 729.287
2 410.532 273.458 533.94
3 410.534 112.413 160.91
2 411.544 273.171 523.944
3 411.545 118.059 169.163
4 411.546 312.464 161.819
0 412.555 642.44 280.779
1 412.557 137.299 735.564
2 412.558 272.884 513.949
4 412.559 311.36 171.758
0 413.567 632.841 283.585
1 413.568 145.083 741.841
3 413.57 120.901 159.576
0 414.584 623.243 286.391
1 414.587 152.867 748.119
2 414.589 267.361 522.285
3 414.591 123.743 149.988
4 414.592 318.94 165.236
2 415.602 261.838 530.622
3 415.604 126.585 140.4
4 415.605 326.521 158.713
0 416.613 617.979 277.888
1 416.614 162.425 745.177
2 416.615 256.315 538.958
4 416.616 334.101 152.191
0 417.626 612.715 269.386
1 417.627 171.983 742.236
2 417.628 250.792 547.295
3 417.629 121.226 131.958
4 417.63 341.681 145.669
0 418.64 607.451 260.883
3 418.641 115.866 123.515
4 418.642 349.261 139.146
1 419.65 167.545 733.275
2 419.651 242.327 552.618
3 419.653 110.507 115.073
4 419.653 356.841 132.624
0 420.661 609.996 251.213
1 420.662 163.107 724.313
2 420.664 233.862 557.942
4 420.664 364.422 126.102
0 421.672 612.542 241.542
1 421.673 158.67 715.352
2 421.675 225.397 563.266
3 421.675 113.961 105.688
4 421.676 372.002 119.58
0 422.684 615.087 231.871
3 422.685 117.416 96.3038
1 423.7 149.483 719.302
2 423.702 233.943 568.459
4 423.705 381.111 123.707
0 424.714 607.594 225.248
1 424.715 140.296 723.253
2 424.717 242.489 573.651
3 424.718 107.835 93.4378
4 424.718 390.219 127.834
0 425.728 600.102 218.626
1 425.73 131.109 727.203
2 425.732 251.035 578.844
3 425.733 98.2547 90.5719
4 425.734 399.328 131.961
0 426.746 592.609 212.003
1 426.748 121.923 731.153
3 426.75 88.6742 87.706
1 427.763 112.736 735.103
2 427.765 247.259 588.104
4 427.766 407.843 126.718
0 428.777 597.69 203.39
1 428.778 103.549 739.054
2 428.779 243.483 597.364
3 428.78 79.1289 84.7249
4 428.781 416.358 121.474
0 429.794 602.772 194.777
3 429.795 69.5835 81.7438
4 429.796 424.873 116.231
1 430.806 94.9963 733.873
2 430.809 251.68 603.091
3 430.81 60.0382 78.7627
0 431.817 611.516 189.926
1 431.818 86.4432 728.691
2 431.819 259.878 608.818
4 431.82 416.838 122.184
0 432.831 620.261 185.075
1 432.832 77.89 723.51
3 432.834 56.2729 88.0267
4 432.836 408.803 128.137
2 433.845 256.66 618.287
3 433.846 52.5076 97.2908
4 433.847 400.768 134.09
0 434.858 629.746 188.241
1 434.86 73.8645 732.664
2 434.861 253.443 627.755
4 434.863 392.733 140.043
0 435.873 639.231 191.408
1 435.874 69.839 741.818
3 435.875 47.19 88.8218
4 435.877 384.698 145.996
0 436.889 648.717 194.575
2 436.891 243.855 630.597
3 436.892 41.8725 80.3528
4 436.894 376.663 151.949
1 437.909 60.0342 743.785
2 437.911 234.267 633.439
3 437.914 36.5549 71.8838
4 437.916 368.628 157.903
0 438.929 645.229 203.947
1 438.931 50.2294 745.751
2 438.933 224.68 636.281
4 438.935 360.594 163.856
0 439.951 641.742 213.319
1 439.953 40.4246 747.717
3 439.954 27.0337 68.8268
4 439.955 352.559 169.809
2 440.964 220.76 645.48
3 440.966 17.5124 65.7699
0 441.974 651.347 210.537
1 441.976 32.4994 741.618
2 441.977 216.84 654.68
3 441.978 7.9911 62.7129
4 441.978 346.203 177.53
0 442.987 660.952 207.756
1 442.988 24.5743 735.52
4 442.99 339.848 185.251
0 444.001 670.558 204.974
1 444.002 16.6491 729.421
2 444.004 207.575 650.918
3 444.005 5.11575 72.2906
4 444.006 333.493 192.971
0 445.014 680.163 202.193
2 445.015 198.31 647.156
3 445.017 2.2404 81.8683
0 446.024 689.769 199.411
1 446.027 19.1659 719.743
2 446.028 189.044 643.394
4 446.029 323.881 195.73
0 447.04 699.374 196.629
1 447.042 21.6828 710.065
3 447.044 10.0239 88.1466
4 447.045 314.269 198.488
0 448.054 708.979 193.848
1 448.055 24.1996 700.387
2 448.056 179.067 644.06
3 448.057 17.8074 94.4248
4 448.058 304.657 201.246
2 449.068 169.089 644.727
0 450.079 710.738 184.004
1 450.079 15.3019 695.823
3 450.08 22.9054 103.028
4 450.081 295.117 204.246
0 451.088 712.497 174.159
1 451.089 6.40413 691.259
2 451.091 173.706 635.856
3 451.091 28.0034 111.631
4 451.092 285.578 207.246
0 452.102 714.256 164.315
2 452.104 178.323 626.986
4 452.105 276.038 210.246
0 453.117 716.014 154.471
1 453.119 4.312 681.48
2 453.12 182.94 618.116
3 453.122 32.0834 120.761
0 454.134 717.773 144.627
1 454.136 2.21986 671.702
3 454.137 36.1634 129.89
4 454.138 278.499 200.553
0 455.147 719.532 134.783
1 455.148 0.127728 661.923
2 455.149 191.31 612.643
4 455.151 280.959 190.86
0 456.163 721.291 124.939
2 456.165 199.679 607.171
3 456.167 27.4839 134.857
4 456.168 283.419 181.168
0 457.178 723.05 115.095
1 457.179 8.90792 657.137
3 457.181 18.8043 139.823
4 457.182 285.879 171.475
0 458.19 724.809 105.251
1 458.191 17.6881 652.35
2 458.193 204.709 598.528
0 459.201 726.567 95.4065
2 459.202 209.739 589.885
3 459.202 23.9772 148.381
4 459.203 281.896 162.303
0 460.212 728.326 85.5624
1 460.214 27.6632 653.056
3 460.214 29.1501 156.939
4 460.215 277.913 153.13
0 461.222 730.085 75.7183
1 461.223 37.6382 653.762
2 461.224 207.859 580.063
4 461.226 273.93 143.958
0 462.233 731.844 65.8742
2 462.235 205.979 570.242
3 462.236 25.8178 166.368
4 462.237 269.947 134.785
1 463.244 36.5102 663.698
2 463.245 204.1 560.42
3 463.246 22.4856 175.796
4 463.248 265.965 125.612
0 464.257 722.206 63.2074
1 464.258 35.3821 673.634
2 464.259 202.22 550.598
4 464.26 261.982 116.44
0 465.269 712.568 60.5407
2 465.272 200.34 540.776
3 465.274 13.7904 180.735
4 465.275 257.999 107.267
0 466.288 702.93 57.8739
1 466.29 39.4464 682.771
3 466.293 5.09507 185.674
4 466.295 254.016 98.0947
1 467.309 43.5108 691.908
2 467.311 209.125 536
4 467.312 250.033 88.9221
0 468.321 706.959 48.7215
1 468.322 47.5751 701.045
2 468.323 217.911 531.223
3 468.324 3.36593 195.523
4 468.325 246.05 79.7496
0 469.336 710.989 39.5692
3 469.338 1.63679 205.373
4 469.339 242.067 70.577
1 470.349 55.815 695.379
2 470.351 213.305 522.347
4 470.352 238.084 61.4045
0 471.363 715.854 30.8325
1 471.365 64.0549 689.713
2 471.367 208.699 513.471
3 471.369 1.3783 215.369
4 471.37 234.101 52.2319
0 472.382 720.719 22.0959
2 472.384 204.093 504.595
3 472.385 1.11982 225.366
1 473.394 73.9914 688.587
2 473.397 199.487 495.719
4 473.399 225.186 47.7013
0 474.407 725.75 13.4536
1 474.408 83.9278 687.461
2 474.41 194.881 486.843
3 474.41 1.91286 235.335
4 474.411 216.271 43.1706
0 475.42 730.781 4.81137
3 475.422 2.7059 245.303
1 476.432 92.7125 682.683
2 476.433 185.506 490.325
4 476.435 219.796 33.8127
0 477.445 737.858 11.8762
1 477.445 101.497 677.905
2 477.446 176.132 493.807
3 477.447 9.03744 253.043
4 477.447 223.322 24.4547
0 478.454 744.936 18.9411
2 478.455 166.758 497.289
3 478.457 15.369 260.784
1 479.465 93.3797 672.065
2 479.467 157.384 500.771
4 479.468 226.792 15.0761
0 480.476 743.673 28.861
1 480.477 85.2623 666.225
2 480.478 148.01 504.253
3 480.48 9.57565 268.935
4 480.481 230.262 5.69742
0 481.489 742.41 38.781
1 481.49 77.1449 660.385
3 481.491 3.78232 277.085
4 481.492 233.732 -3.6812
2 482.502 139.552 498.918
0 483.514 735.099 31.9579
1 483.515 72.376 651.595
2 483.517 131.094 493.583
3 483.519 2.62667 287.018
4 483.52 223.862 -2.07314
0 484.53 727.788 25.1349
1 484.532 67.6072 642.805
3 484.533 1.47103 296.951
4 484.535 213.992 -0.465083
0 485.548 720.478 18.3119
1 485.55 62.8384 634.016
2 485.552 122.049 497.847
4 485.554 204.122 1.14298
0 486.564 713.167 11.4888
2 486.566 113.004 502.112
3 486.567 8.43184 304.131
0 487.577 705.856 4.66582
1 487.578 67.0291 624.936
3 487.579 15.3927 311.311
4 487.58 200.416 10.4306
1 488.588 71.2199 615.857
2 488.589 113.404 512.104
4 488.591 196.709 19.7182
0 489.6 695.955 3.26209
2 489.601 113.804 522.096
3 489.603 22.2372 318.601
0 490.611 686.054 1.85837
1 490.612 79.807 620.981
3 490.614 29.0818 325.892
4 490.615 206.676 20.5343
0 491.629 676.153 0.454642
1 491.63 88.3941 626.106
2 491.632 123.495 524.563
4 491.634 216.642 21.3504
1 492.648 96.9812 631.231
2 492.649 133.186 527.029
3 492.651 32.3234 335.352
4 492.652 226.609 22.1665
0 493.661 667.124 4.75269
1 493.663 105.568 636.355
3 493.664 35.5649 344.812
4 493.665 236.575 22.9826
0 494.675 658.095 9.05074
1 494.677 114.155 641.48
2 494.678 136.586 536.433
4 494.68 246.542 23.7987
2 495.691 139.987 545.837
3 495.692 25.5651 344.883
0 496.703 648.374 6.70677
1 496.704 104.956 637.558
2 496.706 143.387 555.242
3 496.708 15.5654 344.953
4 496.709 256.54 23.9942
0 497.717 638.652 4.36281
1 497.718 95.7573 633.637
2 497.719 146.787 564.646
3 497.719 5.56565 345.024
4 497.72 266.538 24.1896
0 498.73 628.931 2.01884
1 498.731 86.5582 629.716
4 498.732 276.536 24.385
1 499.742 77.3592 625.794
2 499.743 137.481 568.305
3 499.744 4.94001 355.005
4 499.746 286.534 24.5804
0 500.756 618.934 1.76377
1 500.757 68.1601 621.873
2 500.759 128.175 571.965
3 500.76 4.31437 364.985
4 500.762 296.533 24.7759
0 501.772 608.937 1.5087
1 501.774 58.9611 617.951
2 501.775 118.868 575.625
3 501.776 3.68872 374.966
4 501.776 306.531 24.9713
0 502.797 598.94 1.25363
1 502.798 49.762 614.03
0 503.807 588.944 0.998564
1 503.808 40.563 610.109
2 503.809 113.242 583.892
3 503.81 12.569 379.564
4 503.811 316.529 25.1751
2 504.821 107.615 592.158
3 504.822 21.4492 384.161
4 504.824 326.527 25.3789
0 505.837 578.944 0.999118
1 505.839 30.9571 607.329
4 505.841 336.524 25.5826
0 506.851 568.944 0.999671
1 506.852 21.3513 604.549
2 506.854 100.847 584.797
3 506.855 20.4272 394.109
4 506.855 346.522 25.7864
0 507.864 558.944 1.00022
1 507.866 11.7455 601.769
2 507.868 94.0782 577.436
3 507.869 19.4051 404.057
4 507.869 356.52 25.9902
2 508.877 87.3099 570.074
0 509.887 548.944 1.00014
1 509.887 7.39367 610.772
3 509.889 26.1255 396.652
4 509.89 363.012 33.5964
0 510.9 538.944 1.00005
1 510.901 3.04186 619.776
2 510.903 89.9874 560.439
3 510.905 32.8458 389.246
4 510.905 369.504 41.2027
0 511.917 528.944 0.999965
2 511.919 92.6649 550.804
3 511.92 39.5661 381.841
4 511.922 375.996 48.8089
1 512.931 2.79255 609.779
3 512.932 46.2865 374.436
4 512.933 382.488 56.4151
0 513.943 518.952 1.40056
1 513.945 2.54323 599.782
2 513.946 83.1308 547.788
3 513.948 53.0068 367.031
4 513.949 388.98 64.0214
0 514.957 508.96 1.80115
1 514.958 2.29391 589.785
2 514.96 73.5967 544.771
3 514.96 59.7271 359.626
4 514.961 395.472 71.6276
1 515.969 2.04459 579.788
2 515.97 64.0626 541.754
3 515.971 66.4475 352.22
4 515.972 401.964 79.2338
0 516.983 506.086 11.3794
3 516.985 73.1678 344.815
4 516.987 408.456 86.84
0 517.998 503.213 20.9576
1 517.999 10.855 575.058
2 518.001 55.1532 546.295
4 518.004 414.948 94.4463
1 519.013 19.6654 570.327
2 519.015 46.2439 550.837
3 519.016 81.7997 349.864
4 519.017 421.44 102.052
0 520.026 505.615 30.6648
3 520.027 90.4315 354.913
4 520.029 427.932 109.659
0 521.042 508.017 40.372
1 521.044 28.9873 573.947
2 521.046 52.3449 558.76
4 521.048 434.424 117.265
0 522.06 510.419 50.0792
1 522.062 38.3092 577.567
2 522.064 58.446 566.683
3 522.066 85.0593 363.347
4 522.067 440.916 124.871
0 523.077 512.821 59.7864
3 523.077 79.687 371.782
4 523.078 447.407 132.477
0 524.088 515.224 69.4936
1 524.09 46.8807 582.717
2 524.092 58.6835 576.68
3 524.093 74.3147 380.216
0 525.103 517.626 79.2008
1 525.104 55.4522 587.868
2 525.105 58.9211 586.678
4 525.105 456.764 136.007
0 526.113 520.028 88.908
3 526.114 69.3935 388.921
4 526.116 466.12 139.536
0 527.124 522.43 98.6152
1 527.125 50.1175 579.41
2 527.126 53.092 578.552
3 527.126 64.4724 397.626
0 528.136 524.832 108.322
1 528.136 44.7829 570.952
2 528.137 47.2629 570.427
3 528.137 59.5512 406.332
4 528.138 475.351 135.689
1 529.147 39.4482 562.493
2 529.147 41.4338 562.301
4 529.148 484.581 131.842
0 530.156 517.346 114.952
1 530.156 34.1136 554.035
2 530.157 35.6047 554.176
3 530.159 63.8948 415.339
0 531.171 509.86 121.582
1 531.173 28.7789 545.577
2 531.175 29.7755 546.051
3 531.177 68.2383 424.347
4 531.179 492.464 137.995
0 532.189 502.373 128.212
1 532.191 23.4442 537.119
2 532.193 23.9464 537.925
4 532.194 500.347 144.148
3 533.209 77.0539 429.067
0 534.22 510.744 133.683
1 534.221 14.446 541.481
2 534.223 14.7901 541.945
3 534.223 85.8695 433.788
4 534.224 498.862 154.037
0 535.232 519.115 139.154
1 535.234 5.44768 545.844
2 535.235 5.63374 545.966
4 535.235 497.377 163.927
0 536.243 527.485 144.624
2 536.244 -3.52261 549.986
3 536.245 91.0155 442.362
4 536.246 495.892 173.816
1 537.257 6.2998 535.88
3 537.259 96.1615 450.937
4 537.261 494.407 183.705
0 538.272 536.231 149.474
1 538.273 7.15191 525.916
2 538.275 -0.311705 540.515
4 538.275 492.922 193.594
0 539.284 544.976 154.323
1 539.285 8.00403 515.953
2 539.285 2.8992 531.045
3 539.286 106.086 449.714
4 539.287 491.438 203.483
2 540.297 6.11011 521.574
3 540.298 116.011 448.491
4 540.3 489.953 213.372
0 541.315 545.408 164.314
1 541.317 17.3732 512.457
2 541.319 9.32101 512.104
4 541.321 488.468 223.261
0 542.331 545.84 174.305
1 542.332 26.7423 508.962
3 542.333 123.757 454.817
4 542.334 486.983 233.151
1 543.342 36.1114 505.466
2 543.343 6.05781 502.651
3 543.345 131.502 461.143
4 543.346 485.498 243.04
0 544.354 550.587 183.107
2 544.355 2.79462 493.199
4 544.356 484.014 252.929
0 545.366 555.333 191.908
1 545.366 46.0909 506.107
2 545.367 -0.468578 483.746
3 545.368 133.916 451.438
4 545.368 482.529 262.818
1 546.378 56.0703 506.748
3 546.38 136.33 441.734
4 546.382 481.044 272.707
0 547.391 564.344 187.572
2 547.393 0.100908 473.762
3 547.394 138.744 432.03
