0 1.015 416.39 206.48
1 1.016 416.39 206.48
2 1.017 359.53 409.109
3 1.019 289.659 116.914
4 1.021 454.362 76.213
5 1.022 140.429 32.7556
6 1.023 76.6466 485.764
7 1.024 239.506 443.177
8 1.025 166.855 391.749
0 2.041 412.687 215.769
1 2.042 412.687 215.769
2 2.042 368.572 413.381
3 2.043 298.628 121.337
4 2.044 450.495 85.4351
5 2.045 143.484 42.2772
6 2.047 85.5738 490.271
7 2.048 235.561 452.366
8 2.049 157.33 388.704
8 3.063 147.805 385.659
0 4.075 422.444 217.959
1 4.077 422.444 217.959
2 4.077 378.548 414.07
3 4.078 298.779 131.336
4 4.079 460.226 87.7389
5 4.079 152.581 38.1249
6 4.08 89.5147 481.08
7 4.081 235.739 462.364
0 5.095 432.202 220.148
1 5.096 432.202 220.148
2 5.096 388.524 414.76
3 5.097 298.93 141.335
4 5.098 469.957 90.0428
5 5.098 161.679 33.9725
6 5.1 93.4557 471.889
7 5.101 235.917 472.363
8 5.102 143.786 394.816
6 6.115 97.3967 462.698
8 6.117 139.768 403.973
0 7.131 437.379 211.592
1 7.132 437.379 211.592
2 7.133 397.108 419.891
3 7.134 307.852 145.851
4 7.134 478.147 84.3047
5 7.135 170.284 39.0659
6 7.136 101.338 453.508
7 7.136 226.143 474.475
0 8.151 442.557 203.037
1 8.152 442.557 203.037
2 8.152 405.691 425.022
3 8.154 316.774 150.367
4 8.155 486.337 78.5666
5 8.156 178.89 44.1593
6 8.156 105.279 444.317
7 8.157 216.368 476.586
8 8.157 139.822 393.973
6 9.171 109.22 435.126
7 9.172 206.594 478.698
8 9.172 139.876 383.973
0 10.19 451.461 207.589
1 10.192 451.461 207.589
2 10.193 406.236 435.007
3 10.193 311.993 159.15
4 10.194 496.318 79.1713
5 10.195 184.215 52.6238
6 10.195 113.16 425.936
7 10.196 196.819 480.81
8 10.197 139.93 373.973
0 11.211 460.364 212.141
1 11.212 460.364 212.141
2 11.213 406.781 444.992
3 11.214 307.213 167.934
4 11.216 506.3 79.7759
5 11.216 189.539 61.0883
6 11.217 117.101 416.745
7 11.217 187.045 482.922
8 11.218 139.984 363.973
6 12.234 121.042 407.554
7 12.234 177.27 485.034
0 13.248 469.302 216.627
1 13.249 469.302 216.627
2 13.25 416.049 448.749
3 13.251 311.267 177.075
4 13.251 512.625 87.5212
5 13.252 179.706 62.9081
6 13.252 124.983 398.364
7 13.253 167.496 487.146
8 13.253 149.301 360.341
0 14.266 478.239 221.113
1 14.267 478.239 221.113
2 14.267 425.316 452.506
3 14.268 315.322 186.216
4 14.269 518.951 95.2664
5 14.27 169.873 64.7279
6 14.271 128.924 389.173
7 14.273 157.722 489.257
8 14.274 158.618 356.708
5 15.287 160.04 66.5478
6 15.291 132.865 379.982
7 15.291 147.947 491.369
0 16.303 488.208 221.904
1 16.304 488.208 221.904
2 16.305 421.979 461.933
3 16.306 320.819 194.57
4 16.306 528.431 98.4474
7 16.307 138.173 493.481
8 16.308 168.603 357.26
0 17.325 498.177 222.696
1 17.326 498.177 222.696
2 17.326 418.642 471.36
3 17.327 326.317 202.923
4 17.328 537.912 101.628
5 17.329 154.664 74.9797
6 17.33 124.44 374.595
7 17.331 128.398 495.593
8 17.331 178.587 357.812
5 18.347 149.288 83.4116
6 18.348 116.016 369.207
7 18.348 118.624 497.705
0 19.361 501.855 231.995
1 19.361 501.855 231.995
2 19.362 417.977 481.338
3 19.363 325.318 212.873
4 19.364 529.742 95.8625
6 19.364 107.591 363.82
7 19.365 108.849 499.817
8 19.366 183.533 349.12
0 20.379 505.534 241.294
1 20.379 505.534 241.294
2 20.38 417.312 491.316
3 20.381 324.319 222.823
4 20.381 521.571 90.0967
5 20.382 154.831 91.7346
8 20.383 188.479 340.429
4 21.396 513.401 84.3308
5 21.397 160.374 100.058
6 21.398 111.741 354.722
7 21.398 113.507 508.665
8 21.399 193.425 331.738
0 22.411 504.471 251.237
1 22.412 504.471 251.237
2 22.413 426.509 495.242
3 22.413 316.166 217.032
4 22.414 505.231 78.565
6 22.415 115.891 345.624
7 22.415 118.165 517.514
0 23.428 503.408 261.181
1 23.429 503.408 261.181
2 23.429 435.707 499.167
3 23.43 308.013 211.242
4 23.431 497.06 72.7991
5 23.431 151.999 105.521
6 23.432 120.041 336.525
8 23.433 202.608 327.777
3 24.449 299.86 205.452
4 24.449 488.89 67.0333
5 24.45 143.623 110.984
7 24.451 117.69 527.503
8 24.452 211.79 323.816
0 25.468 504.075 271.158
1 25.469 504.075 271.158
2 25.47 434.893 489.201
3 25.47 291.707 199.661
4 25.471 480.719 61.2674
5 25.472 135.247 116.448
6 25.472 110.8 332.705
7 25.473 117.215 537.492
0 26.488 504.742 281.136
1 26.489 504.742 281.136
2 26.49 434.08 479.234
4 26.492 472.549 55.5016
6 26.492 101.558 328.884
8 26.493 220.804 328.144
2 27.512 433.266 469.267
3 27.513 285.847 207.765
4 27.514 464.379 49.7357
5 27.514 140.809 124.759
7 27.515 116.72 547.479
8 27.516 229.819 332.473
0 28.531 499.241 289.487
1 28.532 499.241 289.487
2 28.532 432.453 459.3
3 28.533 279.988 215.868
4 28.534 456.208 43.9698
5 28.534 146.37 133.07
6 28.535 95.2457 336.64
7 28.536 116.225 557.467
0 29.549 493.741 297.839
1 29.55 493.741 297.839
2 29.551 431.639 449.333
3 29.552 274.128 223.971
4 29.552 448.038 38.204
6 29.553 88.9333 344.396
8 29.553 237.946 326.645
2 30.568 430.826 439.366
5 30.569 151.537 141.632
7 30.57 122.257 565.443
8 30.571 246.072 320.817
0 31.589 492.566 307.769
1 31.59 486.686 304.926
2 31.59 430.012 429.399
3 31.591 264.633 220.834
4 31.593 450.465 47.905
5 31.594 156.703 150.194
6 31.595 92.6181 353.692
7 31.596 128.29 573.418
0 32.61 491.39 317.7
1 32.61 479.63 312.012
2 32.611 429.199 419.433
3 32.612 255.138 217.697
4 32.612 452.892 57.6061
6 32.613 96.303 362.989
8 32.614 254.533 326.147
1 33.63 472.575 319.099
3 33.632 245.643 214.56
4 33.632 455.319 67.3071
5 33.633 165.798 146.036
6 33.633 99.9879 372.285
7 33.634 123.342 582.108
8 33.634 262.994 331.477
0 34.649 496.667 326.195
1 34.649 465.52 326.186
2 34.65 433.613 428.405
4 34.651 457.746 77.0081
5 34.652 174.892 141.878
6 34.652 103.673 381.581
7 34.655 118.393 590.797
0 35.668 501.944 334.689
1 35.669 458.465 333.273
2 35.67 438.028 437.378
3 35.67 244.107 224.442
4 35.671 460.173 86.7092
6 35.672 107.358 390.878
8 35.673 253.038 330.548
1 36.69 451.409 340.36
2 36.691 442.443 446.351
3 36.692 242.571 234.323
4 36.692 462.6 96.4102
5 36.693 178.108 132.409
6 36.694 111.043 400.174
7 36.694 124.347 582.763
8 36.695 243.081 329.619
0 37.709 510.687 329.836
1 37.71 444.354 347.447
2 37.71 446.858 455.323
4 37.711 465.026 106.111
5 37.712 181.323 122.94
6 37.713 114.728 409.47
7 37.714 130.3 574.728
8 37.716 233.124 328.69
0 38.731 519.43 324.982
1 38.733 437.299 354.534
2 38.733 451.273 464.296
3 38.734 250.354 240.603
4 38.735 467.453 115.812
5 38.735 184.538 113.471
6 38.736 118.412 418.767
7 38.737 136.253 566.693
8 38.737 223.167 327.76
1 39.753 430.244 361.621
2 39.754 455.688 473.269
3 39.755 258.136 246.882
6 39.756 122.097 428.063
7 39.756 142.206 558.658
8 39.757 213.211 326.831
0 40.769 527.88 330.33
1 40.77 423.189 368.707
2 40.771 460.103 482.241
4 40.772 476.054 120.914
5 40.773 193.601 109.246
6 40.773 125.782 437.359
7 40.774 148.16 550.623
8 40.775 203.254 325.902
0 41.793 536.33 335.677
1 41.794 416.133 375.794
3 41.795 267.719 249.741
4 41.795 484.655 126.016
5 41.796 202.665 105.021
6 41.796 129.467 446.656
7 41.797 154.113 542.588
8 41.798 193.297 324.973
1 42.812 409.078 382.881
2 42.813 460.899 492.209
3 42.814 277.302 252.599
7 42.815 160.066 534.554
8 42.816 183.34 324.044
0 43.831 546.314 336.235
1 43.832 402.023 389.968
2 43.833 461.695 502.178
4 43.833 489.725 134.635
5 43.834 205.215 95.3513
6 43.834 120.872 441.545
7 43.835 166.02 526.519
8 43.836 173.384 323.115
0 44.848 556.299 336.793
3 44.85 287.105 250.623
4 44.851 494.796 143.254
5 44.852 207.765 85.6819
6 44.853 112.276 436.434
7 44.853 171.973 518.484
8 44.854 163.427 322.186
1 45.869 394.205 383.733
2 45.87 470.847 506.208
3 45.871 296.908 248.647
6 45.872 103.681 431.324
7 45.873 177.926 510.449
8 45.873 153.47 321.257
0 46.889 565.348 341.049
1 46.89 386.386 377.498
2 46.89 479.999 510.238
3 46.891 306.71 246.671
4 46.895 493.627 153.185
5 46.896 216.934 81.6896
6 46.896 95.0855 426.213
8 46.897 143.513 320.328
0 47.914 574.397 345.305
1 47.916 378.568 371.263
3 47.917 316.513 244.695
4 47.917 492.457 163.117
5 47.918 226.102 77.6973
6 47.919 86.49 421.102
7 47.919 187.87 509.394
2 48.934 485.003 518.896
7 48.936 197.815 508.338
8 48.937 140.563 310.773
0 49.952 583.086 340.356
1 49.953 387.413 375.929
2 49.953 490.008 527.553
3 49.954 325.745 240.851
4 49.955 500.518 157.199
5 49.955 219.979 69.7908
6 49.956 82.3556 411.997
8 49.957 137.612 301.218
0 50.973 591.775 335.406
1 50.974 396.258 380.595
3 50.975 334.977 237.007
4 50.977 508.579 151.281
5 50.978 213.857 61.8844
6 50.978 78.2211 402.892
7 50.979 207.789 509.053
8 50.983 134.661 291.664
1 51.996 405.102 385.261
2 51.997 494.074 536.689
3 51.998 344.208 233.163
4 51.998 516.64 145.363
5 51.999 207.734 53.978
6 52 74.0867 393.786
7 52 217.763 509.768
0 53.013 601.758 334.827
1 53.014 413.947 389.926
2 53.016 498.141 545.825
4 53.017 524.701 139.445
5 53.018 201.611 46.0716
8 53.019 144.54 290.113
0 54.032 611.742 334.247
1 54.032 422.792 394.592
3 54.033 349.381 224.605
4 54.034 532.762 133.528
5 54.034 195.488 38.1652
6 54.035 73.8614 403.784
7 54.036 216.582 519.698
8 54.036 154.419 288.562
1 55.051 431.637 399.258
2 55.051 501.851 555.111
3 55.052 354.554 216.046
4 55.053 540.823 127.61
5 55.053 189.365 30.2588
6 55.054 73.636 413.781
7 55.054 215.401 529.628
0 56.073 621.167 330.905
1 56.074 440.482 403.924
2 56.075 505.561 564.398
4 56.076 548.884 121.692
5 56.077 183.243 22.3524
6 56.079 73.4107 423.779
8 56.08 163.645 292.418
0 57.091 630.592 327.563
1 57.093 449.326 408.59
3 57.094 364.013 212.8
4 57.094 556.945 115.774
5 57.095 177.12 14.446
6 57.096 73.1854 433.776
7 57.096 209.178 537.456
8 57.097 172.872 296.275
2 58.113 514.754 568.332
3 58.113 373.471 209.554
6 58.114 72.96 443.774
7 58.115 202.955 545.283
0 59.127 635.782 336.111
1 59.128 457.683 403.097
2 59.129 523.948 572.266
4 59.129 551.077 107.677
5 59.13 185.527 9.03187
8 59.131 175.685 305.871
0 60.144 640.971 344.659
1 60.145 466.039 397.604
3 60.146 378.206 218.362
4 60.147 545.209 99.5802
5 60.147 193.935 3.61774
6 60.148 81.7728 448.5
7 60.149 207.981 553.928
8 60.15 178.498 315.467
2 61.173 523.163 582.235
3 61.174 382.941 227.17
4 61.174 539.34 91.4831
6 61.175 90.5855 453.226
7 61.177 213.008 562.573
8 61.178 181.311 325.063
0 62.198 641.412 354.649
1 62.199 459.952 389.67
2 62.199 522.378 592.204
4 62.2 533.472 83.3861
5 62.201 203.871 2.49004
6 62.201 99.3983 457.952
8 62.207 184.123 334.66
0 63.221 641.852 364.639
1 63.222 453.866 381.735
3 63.223 387.46 236.091
4 63.224 527.603 75.289
5 63.225 213.807 1.36234
6 63.231 108.211 462.678
7 63.232 221.857 557.916
8 63.233 186.936 344.256
2 64.251 526.759 601.194
3 64.252 391.979 245.011
4 64.252 521.735 67.1919
6 64.253 117.024 467.404
7 64.254 230.707 553.259
8 64.254 189.749 353.852
0 65.267 646.976 373.227
1 65.268 463.842 382.417
2 65.268 531.14 610.183
4 65.269 515.867 59.0949
5 65.27 223.806 1.21259
8 65.271 192.562 363.448
0 66.284 652.099 381.815
1 66.285 473.819 383.099
3 66.285 394.788 254.609
4 66.286 509.998 50.9978
5 66.287 233.805 1.06283
6 66.287 126.781 465.213
7 66.288 239.87 557.263
8 66.289 195.375 373.045
1 67.302 483.796 383.781
2 67.303 531.486 620.177
3 67.306 397.597 264.206
6 67.308 136.538 463.023
7 67.309 249.034 561.267
8 67.309 198.188 382.641
0 68.329 651.198 391.774
2 68.33 531.833 630.171
4 68.331 519.772 53.1116
5 68.331 243.805 1.03686
6 68.332 146.295 460.832
0 69.345 650.296 401.733
1 69.346 482.408 393.684
3 69.346 405.274 257.798
4 69.347 529.547 55.2254
5 69.348 253.805 1.01089
7 69.348 248.731 551.272
8 69.349 192.542 390.894
1 70.362 481.02 403.587
2 70.363 541.827 630.514
3 70.363 412.95 251.389
4 70.364 539.321 57.3392
6 70.365 147.57 450.913
7 70.365 248.429 541.276
8 70.366 186.896 399.148
0 71.379 649.314 411.685
1 71.38 479.632 413.491
2 71.381 551.821 630.857
3 71.381 420.627 244.981
4 71.382 549.095 59.453
5 71.383 263.805 1.00639
6 71.383 148.844 440.995
7 71.384 248.127 531.281
8 71.385 181.25 407.402
0 72.398 648.332 421.636
5 72.399 273.805 1.00189
6 72.4 150.119 431.077
7 72.4 247.825 521.285
8 72.401 175.604 415.655
1 73.413 489.63 413.7
2 73.414 560.671 635.513
3 73.415 430.618 244.545
4 73.416 553.464 50.4579
7 73.417 247.523 511.29
0 74.43 653.905 429.94
1 74.431 499.628 413.909
2 74.432 569.52 640.169
3 74.433 440.608 244.109
4 74.433 557.832 41.4627
5 74.434 283.072 4.759
6 74.434 140.444 433.607
7 74.435 247.221 501.294
8 74.436 179.258 406.347
0 75.448 659.478 438.243
3 75.449 450.599 243.672
5 75.45 292.34 8.5161
6 75.451 130.769 436.137
7 75.451 246.918 491.299
8 75.452 182.911 397.038
1 76.465 493.349 421.692
2 76.466 577.744 634.48
3 76.466 460.589 243.236
4 76.467 547.874 40.5541
6 76.468 121.095 438.667
8 76.468 186.565 387.73
0 77.484 669.433 437.294
1 77.486 487.07 429.475
2 77.487 585.968 628.79
3 77.488 470.58 242.8
4 77.49 537.915 39.6455
5 77.491 301.87 5.48851
6 77.492 111.42 441.198
7 77.493 251.493 500.191
8 77.495 190.219 378.421
0 78.508 679.388 436.344
1 78.508 480.792 437.258
4 78.509 527.957 38.7369
5 78.51 311.401 2.46092
6 78.51 101.746 443.728
7 78.511 256.067 509.084
8 78.512 193.873 369.112
2 79.525 594.792 633.493
3 79.526 473.749 252.285
4 79.526 517.998 37.8282
6 79.527 92.0711 446.258
7 79.528 260.642 517.976
8 79.528 197.526 359.804
0 80.541 687.782 430.91
1 80.542 479.67 447.195
2 80.543 603.617 638.197
3 80.547 476.918 261.769
4 80.547 508.039 36.9196
5 80.548 321.384 1.86807
6 80.548 82.3966 448.789
7 80.549 265.216 526.868
8 80.55 201.18 350.495
0 81.566 696.177 425.475
1 81.567 478.549 457.132
3 81.569 480.087 271.254
4 81.57 498.081 36.011
5 81.571 331.366 1.27521
6 81.572 72.722 451.319
7 81.573 269.79 535.761
8 81.574 204.834 341.187
2 82.595 612.717 634.051
4 82.597 488.122 35.1024
6 82.598 63.0474 453.849
7 82.6 274.365 544.653
8 82.601 208.488 331.878
0 83.619 705.712 428.487
1 83.62 486.826 462.745
2 83.621 621.817 629.905
3 83.621 488.746 266.252
5 83.622 330.374 11.2259
6 83.623 53.3728 456.379
8 83.623 212.141 322.569
0 84.638 715.248 431.499
1 84.639 495.102 468.357
3 84.64 497.406 261.25
4 84.64 485.753 25.3871
5 84.641 329.381 21.1765
7 84.642 283.386 548.968
8 84.642 215.795 313.261
2 85.66 630.206 635.348
3 85.661 506.065 256.248
4 85.663 483.383 15.6719
6 85.664 44.9397 461.754
7 85.665 292.408 553.282
8 85.667 219.449 303.952
0 86.685 724.784 434.51
1 86.686 499.796 459.527
2 86.687 638.595 640.791
3 86.687 514.724 251.246
4 86.688 481.014 5.95662
5 86.689 330.059 31.1535
6 86.689 36.5066 467.128
0 87.704 734.319 437.522
1 87.705 504.491 450.697
3 87.707 523.383 246.244
5 87.708 330.737 41.1305
6 87.71 28.0735 472.502
7 87.71 302.381 554.008
8 87.711 228.444 299.584
1 88.724 509.185 441.868
2 88.725 639.2 650.773
3 88.726 532.042 241.243
4 88.726 490.807 3.93292
7 88.727 312.355 554.735
8 88.728 237.439 295.215
0 89.741 739.396 428.906
1 89.742 513.879 433.038
2 89.742 639.804 660.755
4 89.743 500.6 1.90922
5 89.744 336.101 49.5703
6 89.744 33.6933 480.774
8 89.745 246.435 290.846
0 90.76 744.472 420.29
1 90.761 518.573 424.208
3 90.762 540.943 236.685
5 90.763 341.464 58.0102
6 90.764 39.3131 489.045
7 90.765 316.831 563.677
1 91.778 523.267 415.378
2 91.779 649.789 661.291
3 91.78 549.845 232.128
4 91.781 510.593 1.53685
7 91.782 321.308 572.619
8 91.783 236.762 288.31
0 92.796 741.993 410.603
2 92.797 659.775 661.827
4 92.798 520.586 1.16447
5 92.798 350.603 53.9507
6 92.799 43.2011 498.259
8 92.8 227.089 285.774
0 93.812 739.514 400.915
1 93.813 527.592 406.362
3 93.814 558.739 236.699
5 93.815 359.742 49.8912
6 93.815 47.0891 507.472
7 93.816 330.549 576.439
8 93.817 217.416 283.237
0 94.83 737.034 391.227
1 94.83 531.916 397.345
2 94.831 664.958 670.379
3 94.831 567.633 241.27
4 94.832 530.586 1.09711
7 94.833 339.79 580.26
8 94.833 207.743 280.701
2 95.846 670.14 678.931
4 95.847 540.586 1.02974
5 95.848 361.961 59.642
6 95.848 46.2047 517.433
8 95.849 198.07 278.165
0 96.862 734.708 381.501
1 96.863 541.32 393.945
3 96.864 572.659 232.625
5 96.865 364.179 69.3929
6 96.865 45.3202 527.393
7 96.866 343.544 589.528
8 96.866 188.397 275.628
0 97.879 732.382 371.776
1 97.88 550.725 390.546
2 97.881 674.722 687.82
3 97.881 577.686 223.98
4 97.882 550.586 1.01756
7 97.883 347.298 598.797
0 98.897 730.055 362.05
2 98.898 679.303 696.709
4 98.9 560.586 1.00538
5 98.901 373.008 74.0891
6 98.902 50.5608 535.91
8 98.902 191.757 285.047
1 99.916 555.871 399.12
3 99.917 587.097 227.362
5 99.917 381.837 78.7854
6 99.918 55.8014 544.427
7 99.919 356.348 603.052
8 99.919 195.118 294.465
0 100.932 720.733 365.669
1 100.933 561.016 407.694
2 100.934 689.289 697.253
3 100.935 596.507 230.745
4 100.935 570.586 1.00317
7 100.936 365.397 607.306
8 100.937 198.479 303.884
0 101.95 711.411 369.288
2 101.951 699.274 697.797
4 101.952 580.586 1.00097
5 101.953 385.286 88.1717
6 101.953 64.984 548.387
8 101.954 201.839 313.302
1 102.967 560.599 417.686
3 102.968 602.051 239.067
5 102.969 388.735 97.558
6 102.969 74.1665 552.347
7 102.97 370.89 615.663
8 102.971 205.2 322.72
0 103.984 706.759 378.14
1 103.985 560.181 427.677
2 103.985 704.604 706.258
3 103.986 607.595 247.39
4 103.987 590.549 1.85164
7 103.987 376.383 624.019
8 103.988 208.561 332.139
0 105.006 702.106 386.992
2 105.008 709.934 714.719
4 105.01 600.513 2.70231
5 105.012 397.924 93.6132
6 105.013 74.9394 562.317
8 105.015 211.921 341.557
1 106.036 564.706 436.595
3 106.037 616.555 251.831
5 106.037 407.113 89.6685
6 106.038 75.7122 572.287
7 106.039 385.13 628.867
8 106.039 215.282 350.975
0 107.053 703.237 377.056
1 107.054 569.23 445.512
2 107.055 708.683 724.641
3 107.055 625.514 256.272
4 107.056 599.441 12.6446
7 107.057 393.876 633.714
8 107.057 218.643 360.394
0 108.07 704.368 367.12
2 108.071 707.433 734.563
4 108.072 598.368 22.5869
5 108.073 415.994 94.2662
6 108.073 71.4465 581.332
8 108.074 222.003 369.812
0 109.088 705.499 357.184
1 109.089 569.982 455.484
3 109.089 629.774 247.225
5 109.09 424.874 98.8639
6 109.091 67.1808 590.376
7 109.091 399.308 642.11
0 110.105 706.63 347.248
1 110.106 570.733 465.456
2 110.106 716.8 738.065
3 110.107 634.033 238.177
4 110.108 597.362 32.5362
6 110.108 62.9151 599.421
7 110.109 404.74 650.507
8 110.11 217.981 378.968
2 111.123 726.167 741.567
4 111.124 596.355 42.4854
5 111.124 429.532 107.713
8 111.125 213.959 388.123
0 112.139 711.661 338.606
1 112.14 575.86 474.042
3 112.142 631.703 228.453
5 112.143 434.19 116.562
6 112.144 71.8531 603.905
7 112.145 409.048 659.531
8 112.146 209.937 397.278
0 113.162 716.692 329.964
1 113.163 580.986 482.628
2 113.163 732.267 733.643
3 113.164 629.373 218.728
4 113.165 592.081 51.5259
6 113.165 80.7911 608.39
7 113.166 413.356 668.556
8 113.166 205.914 406.434
2 114.184 738.367 725.719
3 114.186 627.042 209.003
4 114.187 587.807 60.5664
5 114.189 425.566 121.624
8 114.19 201.892 415.589
0 115.209 726.026 326.374
1 115.21 581.42 492.618
2 115.21 744.467 717.795
4 115.211 583.533 69.6069
5 115.212 416.942 126.686
6 115.212 85.8877 616.994
7 115.213 421.84 663.262
8 115.214 197.87 424.744
0 116.228 735.359 322.785
1 116.229 581.853 502.609
3 116.23 635.54 203.731
4 116.23 579.259 78.6475
6 116.231 90.9844 625.597
7 116.232 430.324 657.969
2 117.246 741.584 708.22
3 117.247 644.037 198.459
4 117.247 574.984 87.688
5 117.248 416.966 136.686
7 117.248 438.808 652.675
8 117.249 189.938 430.834
0 118.262 740.661 331.264
1 118.263 586.971 511.2
2 118.264 738.7 698.645
4 118.264 570.71 96.7285
5 118.265 416.99 146.686
6 118.266 99.9465 630.034
7 118.266 447.292 647.382
8 118.267 182.006 436.924
0 119.28 745.963 339.742
1 119.281 592.089 519.791
2 119.281 735.816 689.07
3 119.282 652.437 203.885
6 119.283 108.909 634.47
7 119.284 455.776 642.088
8 119.284 174.074 443.014
3 120.298 660.837 209.311
4 120.299 580.524 94.8091
5 120.299 422.383 155.107
7 120.3 464.26 636.795
0 121.313 746.488 329.756
1 121.314 592.465 529.784
2 121.315 740.822 680.413
4 121.316 590.338 92.8896
5 121.316 427.776 163.528
6 121.317 112.289 643.881
7 121.317 472.744 631.501
8 121.318 184.036 443.891
0 122.331 747.013 319.77
1 122.332 592.841 539.777
2 122.333 745.828 671.756
3 122.333 670.787 208.318
4 122.334 600.152 90.9702
6 122.335 115.669 653.293
7 122.335 481.228 626.208
8 122.336 193.997 444.768
0 123.349 747.538 309.784
3 123.35 680.738 207.325
5 123.351 419.628 169.325
7 123.352 489.712 620.914
8 123.352 203.959 445.644
0 124.365 748.063 299.798
1 124.366 598.295 548.159
2 124.367 736.938 667.178
4 124.368 610.143 91.4016
5 124.368 411.48 175.122
6 124.369 125.664 653.583
7 124.37 498.196 615.621
1 125.383 603.749 556.541
2 125.384 728.047 662.599
3 125.384 688.563 201.099
4 125.385 620.134 91.833
5 125.385 403.331 180.919
6 125.386 135.66 653.874
7 125.386 506.68 610.328
8 125.387 210.422 438.014
0 126.4 738.55 296.715
2 126.401 719.157 658.021
3 126.401 696.389 194.873
5 126.402 395.183 186.716
8 126.403 216.886 430.384
0 127.415 729.037 293.632
1 127.416 608.886 565.12
4 127.417 620.937 101.801
6 127.418 136.239 663.857
7 127.419 506.115 620.312
8 127.419 223.35 422.753
0 128.433 719.524 290.55
1 128.433 614.024 573.7
2 128.434 709.839 654.391
3 128.435 704.823 200.245
4 128.435 621.74 111.768
5 128.436 385.96 182.85
6 128.436 136.817 673.84
7 128.437 505.55 630.296
8 128.438 229.813 415.123
2 129.451 700.521 650.761
3 129.452 713.258 205.617
5 129.453 376.737 178.985
7 129.453 504.984 640.28
8 129.454 236.277 407.493
0 130.469 712.047 297.19
1 130.47 609.361 582.546
4 130.472 620.449 101.852
5 130.473 367.514 175.12
6 130.474 128.275 668.641
0 131.491 704.57 303.83
1 131.492 604.699 591.393
2 131.493 705.496 642.086
3 131.493 710.319 196.058
4 131.494 619.158 91.9358
6 131.495 119.733 663.442
7 131.495 500.221 631.487
8 131.496 246.275 407.698
1 132.51 600.036 600.239
2 132.51 710.47 633.411
3 132.511 707.38 186.5
4 132.512 617.867 82.0195
5 132.512 370.111 165.463
6 132.513 111.19 658.243
7 132.514 495.459 622.694
8 132.514 256.273 407.903
0 133.533 706.691 294.058
1 133.534 595.374 609.086
2 133.534 715.445 624.737
3 133.536 704.442 176.942
4 133.538 616.576 72.1032
5 133.538 372.708 155.806
6 133.539 102.648 653.044
7 133.539 490.696 613.901
0 134.557 708.813 284.285
3 134.558 701.503 167.383
4 134.558 615.285 62.1869
6 134.559 94.106 647.845
7 134.56 485.933 605.108
8 134.56 266.262 408.365
0 135.574 710.935 274.513
1 135.575 586.053 605.463
2 135.575 724.474 629.036
5 135.576 382.52 153.879
6 135.577 85.5638 642.646
7 135.577 481.17 596.315
8 135.578 276.251 408.827
0 136.593 713.056 264.741
1 136.594 576.733 601.84
2 136.596 733.502 633.335
3 136.597 691.928 164.498
4 136.598 623.721 56.8168
5 136.598 392.333 151.952
6 136.599 77.0216 637.446
1 137.613 567.412 598.217
3 137.614 682.353 161.613
4 137.614 632.156 51.4468
5 137.615 402.145 150.024
6 137.616 68.4794 632.247
7 137.617 471.599 593.418
8 137.617 286.224 408.091
0 138.633 722.261 260.833
2 138.634 738.557 624.706
3 138.635 672.779 158.728
5 138.635 411.958 148.097
6 138.636 59.9372 627.048
7 138.637 462.028 590.522
8 138.638 296.197 407.355
0 139.655 731.466 256.925
1 139.657 562.843 589.321
2 139.658 743.611 616.078
4 139.66 636.972 60.2108
5 139.661 421.77 146.17
6 139.662 51.395 621.849
7 139.663 452.457 587.625
1 140.683 558.274 580.426
3 140.684 663.232 155.751
4 140.685 641.788 68.9747
5 140.685 431.583 144.242
8 140.686 296.523 417.349
0 141.7 738.045 249.394
2 141.701 741.062 606.408
3 141.701 653.686 152.773
5 141.702 441.395 142.315
6 141.703 46.339 630.477
7 141.704 455.346 597.198
8 141.704 296.848 427.344
0 142.719 744.625 241.863
1 142.721 565.992 574.068
2 142.722 738.513 596.738
3 142.723 644.139 149.796
4 142.724 651.193 72.3728
6 142.725 41.2829 639.104
7 142.725 458.236 606.772
0 143.741 751.204 234.333
1 143.742 573.71 567.71
2 143.742 735.964 587.069
4 143.743 660.598 75.7708
5 143.744 450.73 145.902
7 143.745 461.125 616.345
8 143.745 302.219 435.779
3 144.759 644.085 139.796
5 144.76 460.065 149.488
6 144.76 32.3327 634.644
7 144.761 464.015 625.919
8 144.762 307.59 444.215
0 145.775 741.312 232.865
1 145.775 568.826 558.984
2 145.776 740.103 577.966
3 145.777 644.031 129.796
4 145.777 669.175 80.9121
6 145.778 23.3825 630.184
7 145.779 466.904 635.492
0 146.792 731.421 231.398
1 146.793 563.943 550.257
2 146.793 744.243 568.863
3 146.794 643.977 119.796
4 146.794 677.752 86.0533
5 146.795 463.926 158.712
7 146.796 469.794 645.066
8 146.796 317.536 443.174
0 147.809 721.529 229.93
1 147.81 559.059 541.531
5 147.811 467.788 167.937
6 147.812 14.8052 635.325
7 147.813 472.684 654.639
8 147.814 327.481 442.134
2 148.834 734.731 565.778
3 148.835 634.004 119.068
4 148.835 672.661 77.4466
5 148.836 471.649 177.161
6 148.837 6.22788 640.466
8 148.838 337.427 441.093
0 149.858 727.363 221.808
1 149.858 549.817 537.711
2 149.859 725.219 562.693
3 149.86 624.03 118.339
4 149.86 667.569 68.8399
7 149.861 482.674 655.073
8 149.862 347.373 440.053
0 150.875 733.197 213.686
1 150.876 540.575 533.891
2 150.987 715.707 559.607
3 150.988 614.057 117.611
4 150.988 662.477 60.2333
5 150.989 479.295 183.606
6 150.99 6.97875 650.438
7 150.99 492.665 655.508
8 150.991 357.318 439.013
0 152.003 739.031 205.565
3 152.004 604.084 116.883
4 152.005 657.386 51.6266
5 152.005 486.942 190.051
6 152.006 7.72963 660.409
7 152.007 502.655 655.942
8 152.007 367.264 437.972
1 153.021 545.511 525.194
2 153.021 711.729 568.783
3 153.022 594.11 116.154
4 153.023 652.294 43.0199
5 153.023 494.588 196.495
7 153.024 512.646 656.376
0 154.037 741.305 195.827
1 154.038 550.447 516.497
2 154.038 707.752 577.958
4 154.039 647.202 34.4132
6 154.04 8.26736 670.395
7 154.041 522.636 656.81
8 154.042 372.92 446.219
0 155.056 743.578 186.089
1 155.057 555.383 507.801
3 155.057 590.89 125.622
4 155.058 642.111 25.8065
5 155.058 499.972 204.922
6 155.059 8.80509 680.381
7 155.06 532.627 657.245
8 155.06 378.576 454.466
0 156.074 745.852 176.35
2 156.077 703.706 587.103
3 156.078 587.67 135.089
5 156.079 505.357 213.349
7 156.079 542.618 657.679
1 157.093 550.917 498.854
2 157.094 699.66 596.248
3 157.095 584.45 144.556
4 157.097 644.787 16.1712
5 157.099 510.741 221.775
6 157.1 11.9388 670.884
7 157.1 552.608 658.113
8 157.101 383.694 463.057
0 158.114 740.409 167.961
1 158.115 546.45 489.907
4 158.116 647.463 6.53586
5 158.116 516.126 230.202
6 158.117 15.0725 661.388
8 158.12 388.812 471.648
0 159.134 734.967 159.572
1 159.135 541.983 480.96
2 159.137 690.783 600.852
3 159.138 587.516 154.075
4 159.138 650.139 -3.09947
5 159.139 521.51 238.628
6 159.139 18.2062 651.892
7 159.14 556.897 667.147
8 159.141 393.93 480.239
0 160.154 729.524 151.183
2 160.155 681.906 605.456
3 160.157 590.581 163.594
5 160.157 526.895 247.055
6 160.158 21.3399 642.395
7 160.159 561.186 676.18
1 161.172 531.983 480.975
2 161.173 673.029 610.06
4 161.175 659.994 -1.40625
5 161.176 532.279 255.482
6 161.177 24.4736 632.899
8 161.177 389.122 489.008
0 162.19 734.599 142.567
1 162.191 521.983 480.991
3 162.193 581.396 159.64
4 162.194 669.85 0.286971
5 162.195 537.663 263.908
6 162.196 27.6073 623.403
7 162.196 566.428 684.697
8 162.197 384.315 497.777
0 163.21 739.674 133.95
1 163.21 511.983 481.006
2 163.213 668.696 619.072
3 163.214 572.211 155.686
6 163.214 30.741 613.906
7 163.215 571.669 693.213
2 164.23 664.363 628.085
3 164.231 563.025 151.733
4 164.232 679.845 0.582089
5 164.232 533.587 273.04
6 164.233 33.8747 604.41
8 164.234 376.812 491.167
0 165.251 729.791 135.478
1 165.252 516.304 490.024
2 165.253 660.03 637.097
4 165.253 689.841 0.877207
5 165.254 529.512 282.172
7 165.255 579.946 698.825
8 165.255 369.308 484.557
0 166.27 719.908 137.005
1 166.271 520.625 499.043
3 166.272 558.423 160.611
5 166.274 525.436 291.303
6 166.275 28.8932 595.739
7 166.276 588.222 704.438
8 166.276 361.804 477.946
0 167.29 710.026 138.532
1 167.29 524.946 508.061
2 167.292 657.032 627.557
3 167.293 553.82 169.488
4 167.294 699.841 0.928033
5 167.294 521.36 300.435
6 167.295 23.9117 587.068
2 168.31 654.034 618.017
4 168.311 709.841 0.97886
6 168.312 18.9302 578.397
7 168.313 588.975 714.41
8 168.313 353.702 483.809
0 169.327 700.602 135.186
1 169.328 528.167 498.594
2 169.33 651.036 608.477
3 169.331 558.926 178.087
5 169.331 530.421 304.664
7 169.332 589.727 724.381
8 169.333 345.601 489.671
0 170.346 691.179 131.839
1 170.347 531.388 489.127
2 170.349 648.037 598.937
3 170.35 564.032 186.685
4 170.351 719.831 1.41935
5 170.351 539.483 308.892
6 170.352 12.1809 585.776
8 170.353 337.499 495.533
0 171.367 681.755 128.493
1 171.368 534.609 479.66
4 171.368 729.821 1.85985
6 171.369 5.43166 593.155
7 171.37 589.419 734.377
1 172.384 537.831 470.193
2 172.385 651.079 589.411
3 172.387 558.154 194.776
5 172.388 549.483 308.764
6 172.389 -1.31763 600.534
7 172.389 589.112 744.372
8 172.39 347.118 498.269
0 173.404 689.975 122.797
1 173.405 541.052 460.726
2 173.406 654.121 579.885
3 173.406 552.277 202.866
4 173.407 737.505 8.25951
5 173.411 559.482 308.636
8 173.412 356.736 501.005
0 174.426 698.194 117.102
1 174.427 544.273 451.259
2 174.427 657.163 570.359
4 174.428 745.189 14.6592
5 174.429 569.481 308.507
6 174.429 1.24127 590.867
7 174.43 597.039 738.276
8 174.431 366.355 503.741
0 175.448 706.414 111.406
3 175.449 542.346 201.694
5 175.45 579.48 308.379
6 175.45 3.80017 581.2
7 175.451 604.965 732.179
8 175.452 375.973 506.477
1 176.468 550.881 443.753
2 176.469 667.148 569.813
3 176.471 532.415 200.521
4 176.471 739.013 22.5237
5 176.472 589.479 308.251
6 176.473 6.35907 571.533
7 176.473 612.892 726.083
8 176.474 385.592 509.213
0 177.487 715.084 106.423
1 177.488 557.489 436.248
2 177.489 677.133 569.266
4 177.491 732.836 30.3883
5 177.491 599.478 308.122
6 177.492 8.91796 561.866
8 177.493 395.21 511.949
0 178.505 723.754 101.44
1 178.506 564.097 428.742
3 178.508 529.376 190.994
5 178.509 609.478 307.994
6 178.51 11.4769 552.199
7 178.51 617.872 717.411
8 178.511 404.829 514.685
1 179.526 570.705 421.237
2 179.527 680.694 559.922
3 179.528 526.338 181.467
4 179.528 736.592 39.6562
7 179.529 622.852 708.74
8 179.53 414.447 517.42
0 180.543 733.264 104.533
1 180.544 577.313 413.731
2 180.545 684.255 550.578
3 180.545 523.3 171.939
4 180.546 740.348 48.924
5 180.547 607.651 317.826
6 180.548 13.6179 542.43
8 180.548 424.065 520.156
0 181.565 742.774 107.626
1 181.566 583.921 406.226
5 181.567 605.824 327.657
6 181.569 15.7589 532.662
7 181.57 632.783 707.564
2 182.592 674.71 547.596
3 182.594 526.328 181.47
4 182.595 736.104 57.9786
5 182.596 603.997 337.489
6 182.596 17.8999 522.894
7 182.597 642.714 706.389
8 182.597 414.101 520.999
0 183.612 739.641 98.129
1 183.612 592.326 411.644
2 183.613 665.165 544.614
3 183.614 529.356 191
4 183.614 731.859 67.0332
5 183.615 602.17 347.321
8 183.616 404.137 521.843
0 184.629 736.508 88.6325
1 184.631 600.73 417.063
2 184.632 655.62 541.632
3 184.632 532.384 200.531
5 184.633 600.343 357.152
6 184.634 14.0722 513.656
7 184.634 650.012 713.225
8 184.635 394.172 522.686
0 185.651 733.375 79.1359
1 185.652 609.135 422.482
3 185.653 535.413 210.061
4 185.655 722.344 63.9583
6 185.656 10.2445 504.417
7 185.657 657.31 720.062
8 185.657 384.208 523.529
1 186.672 617.539 427.9
2 186.673 659.789 532.542
3 186.673 538.441 219.592
4 186.674 712.828 60.8834
5 186.675 607.166 364.463
6 186.675 6.41681 495.179
7 186.676 664.608 726.898
8 186.676 374.244 524.372
0 187.689 723.375 79.0939
1 187.69 625.944 433.319
2 187.691 663.958 523.453
3 187.693 541.469 229.122
4 187.694 703.313 57.8085
5 187.694 613.989 371.774
7 187.695 671.906 733.735
8 187.696 364.279 525.215
0 188.709 713.375 79.052
3 188.71 544.498 238.653
6 188.712 4.68902 485.329
7 188.713 679.205 740.571
8 188.713 354.315 526.058
0 189.727 703.375 79.01
1 189.727 616.603 436.889
2 189.729 673.708 525.673
3 189.73 547.526 248.183
4 189.731 698.869 48.85
5 189.732 623.656 369.214
6 189.732 2.96123 475.48
7 189.733 686.503 747.408
1 190.747 607.262 440.46
2 190.748 683.458 527.894
3 190.749 550.554 257.714
4 190.749 694.426 39.8914
5 190.75 633.323 366.654
6 190.751 1.23343 465.63
8 190.751 345.881 531.431
0 191.765 698.546 70.2534
1 191.766 597.921 444.03
2 191.767 693.209 530.115
3 191.768 553.582 267.244
4 191.768 689.983 30.9328
5 191.769 642.989 364.094
7 191.77 676.886 744.664
8 191.77 337.447 536.804
0 192.785 693.716 61.4968
2 192.786 702.959 532.336
3 192.786 556.611 276.774
5 192.787 652.656 361.534
6 192.788 5.84663 456.758
7 192.788 667.27 741.921
0 193.802 688.887 52.7403
1 193.804 602.091 453.119
2 193.806 712.709 534.556
4 193.807 684.236 39.1169
5 193.808 662.323 358.974
6 193.809 10.4598 447.885
7 193.81 657.654 739.177
8 193.811 328.769 541.773
0 194.824 684.058 43.9837
1 194.825 606.261 462.209
2 194.827 722.46 536.777
3 194.828 566.61 276.867
4 194.829 678.49 47.3011
6 194.829 15.073 439.013
7 194.83 648.037 736.434
8 194.831 320.091 546.743
0 195.844 679.228 35.2271
2 195.845 732.21 538.998
3 195.847 576.61 276.959
4 195.847 672.744 55.4853
5 195.848 668.885 366.519
7 195.849 638.421 733.691
8 195.85 311.413 551.712
1 196.862 615.445 466.163
2 196.864 741.96 541.219
4 196.865 666.998 63.6694
5 196.866 675.448 374.065
6 196.866 11.4052 429.71
8 196.867 302.735 556.681
0 197.88 673.844 43.6537
1 197.881 624.63 470.118
3 197.882 586.432 278.836
4 197.883 661.251 71.8536
6 197.885 7.73744 420.407
7 197.886 633.302 725.1
8 197.886 294.058 561.651
0 198.899 668.459 52.0802
2 198.9 741.594 531.225
3 198.902 596.255 280.712
4 198.903 655.505 80.0377
5 198.903 676.095 384.044
7 198.904 628.182 716.51
8 198.905 285.38 566.62
0 199.918 663.075 60.5067
1 199.918 617.792 477.415
2 199.924 741.228 521.232
3 199.925 606.077 282.588
4 199.925 649.759 88.2219
5 199.926 676.742 394.023
6 199.927 17.5765 418.62
7 199.927 623.063 707.92
8 199.928 276.702 571.59
0 200.941 657.69 68.9332
1 200.942 610.955 484.712
2 200.943 740.862 511.239
4 200.945 644.013 96.406
6 200.946 27.4155 416.833
7 200.948 617.944 699.33
8 200.948 268.024 576.559
0 201.961 652.305 77.3598
1 201.961 604.117 492.009
3 201.964 615.996 281.313
4 201.966 638.266 104.59
5 201.967 682.565 402.153
7 201.968 612.824 690.739
0 202.982 646.921 85.7863
2 202.986 731.261 508.443
3 202.989 625.914 280.039
4 202.99 632.52 112.774
5 202.991 688.388 410.282
6 202.992 36.0241 421.921
7 202.993 607.705 682.149
8 202.994 258.087 577.679
0 204.011 641.536 94.2128
1 204.013 608.411 501.04
2 204.015 721.66 505.648
3 204.017 635.832 278.765
4 204.019 626.774 120.958
5 204.021 694.211 418.412
6 204.022 44.6326 427.01
8 204.024 248.15 578.799
0 205.044 636.152 102.639
1 205.044 612.706 510.071
2 205.045 712.058 502.852
4 205.046 621.027 129.143
5 205.048 700.035 426.542
7 205.049 601.684 674.165
8 205.049 238.213 579.919
0 206.062 630.767 111.066
1 206.063 617 519.103
3 206.064 645.762 277.58
4 206.066 615.281 137.327
5 206.066 705.858 434.671
6 206.067 42.1724 417.317
7 206.067 595.662 666.181
8 206.068 228.276 581.039
0 207.081 625.382 119.492
2 207.082 702.552 499.75
3 207.083 655.692 276.395
4 207.083 609.535 145.511
5 207.084 711.681 442.801
6 207.084 39.7121 407.624
7 207.085 589.641 658.198
8 207.085 218.339 582.159
0 208.1 619.998 127.919
1 208.101 622.469 527.474
2 208.103 693.045 496.647
5 208.104 717.504 450.931
6 208.105 37.2518 397.932
8 208.105 208.401 583.279
0 209.119 614.613 136.345
1 209.12 627.939 535.846
2 209.122 683.539 493.544
3 209.124 665.639 275.373
4 209.125 615.495 153.541
5 209.125 723.327 459.06
6 209.126 34.7915 388.239
7 209.126 580.948 663.142
8 209.127 198.464 584.398
0 210.14 609.229 144.772
3 210.141 675.587 274.351
4 210.142 621.455 161.571
7 210.145 572.256 668.085
1 211.158 630.393 526.151
2 211.159 686.085 483.873
5 211.161 733.292 458.228
6 211.163 25.1924 385.436
7 211.164 563.563 673.029
8 211.165 208.235 586.529
0 212.177 608.365 154.735
1 212.178 632.847 516.457
2 212.179 688.63 474.203
3 212.181 676.183 284.333
4 212.183 615.422 169.546
5 212.184 743.258 457.396
6 212.184 15.5932 382.633
7 212.185 554.871 677.973
8 212.186 218.005 588.66
0 213.199 607.501 164.697
1 213.199 635.301 506.763
2 213.2 691.176 464.532
3 213.202 676.78 294.315
4 213.203 609.388 177.521
6 213.204 5.9941 379.83
7 213.204 546.179 682.917
8 213.205 227.775 590.791
0 214.219 606.637 174.66
4 214.221 603.355 185.496
5 214.222 743.994 467.369
7 214.227 537.486 687.861
8 214.228 237.546 592.922
0 215.241 605.773 184.622
1 215.242 644.258 502.317
2 215.244 683.133 458.59
3 215.245 679.392 284.662
5 215.246 744.73 477.342
6 215.246 8.34509 370.111
8 215.247 247.316 595.053
1 216.26 653.215 497.871
2 216.261 675.09 452.647
3 216.263 682.005 275.01
4 216.264 613.341 184.956
6 216.264 10.6961 360.391
7 216.265 529.444 693.804
8 216.265 257.086 597.184
0 217.273 615.764 184.201
1 217.274 662.173 493.425
2 217.274 667.048 446.705
3 217.275 684.618 265.357
4 217.276 623.326 184.416
5 217.276 734.864 475.71
6 217.277 13.0471 350.671
7 217.277 521.402 699.747
8 217.278 266.857 599.314
0 218.292 625.755 183.78
2 218.292 659.005 440.762
3 218.293 687.231 255.704
4 218.294 633.312 183.876
5 218.294 724.998 474.079
7 218.295 513.359 705.69
0 219.313 635.746 183.359
1 219.315 658.695 484.049
2 219.316 650.962 434.82
3 219.317 689.843 246.052
4 219.317 643.297 183.336
5 219.318 715.132 472.447
6 219.319 18.9081 342.569
8 219.323 259.757 606.356
0 220.343 645.737 182.938
1 220.344 655.217 474.674
2 220.345 642.919 428.877
3 220.345 692.456 236.399
4 220.346 653.282 182.796
5 220.346 705.266 470.816
6 220.352 24.7691 334.466
7 220.353 513.623 715.687
8 220.354 252.656 613.398
0 221.367 655.728 182.517
1 221.367 651.74 465.298
2 221.368 634.877 422.935
3 221.369 695.069 226.746
4 221.369 663.268 182.256
5 221.37 695.4 469.184
6 221.37 30.6302 326.364
7 221.371 513.886 725.684
8 221.372 245.556 620.44
0 222.385 665.719 182.096
2 222.386 626.834 416.992
5 222.388 685.534 467.553
1 223.414 647.733 456.136
2 223.414 618.791 411.05
3 223.415 685.475 229.568
4 223.416 663.018 192.253
5 223.416 675.668 465.922
6 223.417 40.6057 327.062
7 223.417 506.112 719.394
8 223.418 236.158 623.855
0 224.431 664.991 192.07
1 224.432 643.727 446.973
2 224.433 610.748 405.107
3 224.434 675.881 232.389
4 224.434 662.768 202.25
5 224.435 665.802 464.29
6 224.436 50.5813 327.761
7 224.437 498.337 713.105
8 224.437 226.759 627.271
0 225.455 664.262 202.043
1 225.456 639.72 437.811
2 225.457 602.705 399.165
3 225.457 666.287 235.21
4 225.458 662.519 212.247
5 225.458 655.936 462.659
7 225.459 490.563 706.815
8 225.46 217.36 630.686
0 226.473 663.533 212.016
1 226.473 635.714 428.649
2 226.474 594.663 393.222
4 226.475 662.269 222.243
6 226.476 54.9854 336.739
7 226.476 482.788 700.526
0 227.489 662.804 221.99
1 227.49 631.707 419.486
2 227.491 586.62 387.28
3 227.492 663.474 244.806
4 227.492 662.019 232.24
5 227.493 657.602 452.798
6 227.493 59.3894 345.717
7 227.494 475.014 694.236
8 227.495 211.136 638.513
0 228.508 662.076 231.963
1 228.509 627.701 410.324
2 228.509 578.577 381.337
3 228.51 660.661 254.402
5 228.511 659.268 442.938
7 228.511 467.239 687.947
8 228.512 204.911 646.339
1 229.529 623.694 401.162
2 229.53 570.534 375.395
3 229.532 657.848 263.998
4 229.533 659.885 242.01
5 229.534 660.934 433.078
6 229.535 55.866 355.075
7 229.537 459.465 681.657
0 230.559 659.942 241.733
1 230.56 619.688 391.999
3 230.562 655.034 273.594
4 230.563 657.751 251.78
5 230.564 662.6 423.218
6 230.565 52.3425 364.434
7 230.566 451.69 675.368
8 230.567 194.924 645.841
0 231.582 657.809 251.503
2 231.583 562.043 370.113
3 231.584 652.221 283.19
4 231.585 655.617 261.549
5 231.585 664.266 413.358
8 231.586 184.936 645.343
0 232.604 655.675 261.272
1 232.605 624.498 383.232
2 232.606 553.551 364.831
3 232.606 649.408 292.786
4 232.607 653.483 271.319
5 232.607 665.933 403.497
6 232.608 56.4072 355.297
7 232.608 448.15 666.015
8 232.609 174.949 644.845
0 233.622 653.542 271.042
1 233.623 629.309 374.465
2 233.623 545.06 359.549
3 233.624 646.595 302.383
4 233.625 651.349 281.089
5 233.625 667.599 393.637
6 233.626 60.4719 346.161
7 233.626 444.609 656.663
8 233.627 164.961 644.347
0 234.639 651.409 280.812
1 234.64 634.119 365.699
4 234.641 649.215 290.858
5 234.641 669.265 383.777
6 234.642 64.5366 337.024
7 234.642 441.068 647.311
8 234.643 154.973 643.849
0 235.658 649.275 290.582
1 235.659 638.93 356.932
2 235.66 535.289 361.675
3 235.661 651.75 310.951
4 235.661 647.081 300.628
5 235.662 670.931 373.917
6 235.663 68.6013 327.887
7 235.664 437.528 637.959
0 236.677 647.142 300.352
1 236.677 643.74 348.165
2 236.678 525.517 363.8
3 236.679 656.906 319.52
5 236.683 672.597 364.056
6 236.683 72.666 318.751
7 236.684 433.987 628.607
8 236.685 149.586 635.425
1 237.697 648.551 339.398
2 237.698 515.746 365.925
4 237.699 654.522 307.309
5 237.7 674.263 354.196
8 237.7 144.198 627
0 238.713 656.114 304.767
1 238.714 653.362 330.631
3 238.715 666.889 318.938
4 238.715 661.963 313.989
5 238.716 675.929 344.336
6 238.716 68.8964 309.489
7 238.717 430.556 619.214
8 238.718 138.81 618.576
0 239.731 665.086 309.183
1 239.731 658.172 321.864
2 239.732 506.37 362.446
3 239.733 676.872 318.357
4 239.733 669.404 320.67
5 239.734 677.596 334.476
6 239.734 65.1269 300.226
7 239.735 427.126 609.82
0 240.748 674.058 313.599
2 240.749 496.995 358.967
3 240.749 686.855 317.775
6 240.75 61.3574 290.964
7 240.751 423.695 600.427
8 240.755 143.251 609.616
0 241.768 683.03 318.015
1 241.768 648.268 323.246
2 241.769 487.62 355.488
4 241.77 659.498 322.033
5 241.771 667.615 335.102
8 241.771 147.692 600.656
1 242.784 638.364 324.627
3 242.785 677.007 319.511
4 242.786 649.591 323.395
5 242.786 657.635 335.728
6 242.787 70.9779 288.235
7 242.791 414.219 597.233
8 242.792 152.133 591.696
0 243.804 673.175 316.321
1 243.805 628.46 326.009
2 243.806 480.378 348.592
3 243.806 667.159 321.247
4 243.807 639.684 324.758
5 243.808 647.654 336.355
6 243.808 80.5984 285.506
7 243.809 404.743 594.038
0 244.822 663.319 314.628
1 244.823 618.556 327.391
2 244.823 473.136 341.696
3 244.824 657.311 322.983
4 244.825 629.778 326.121
5 244.825 637.674 336.981
6 244.826 90.2189 282.778
7 244.826 395.267 590.844
8 244.827 161.802 594.25
0 245.841 653.464 312.934
1 245.842 608.652 328.773
2 245.842 465.894 334.8
3 245.843 647.462 324.719
4 245.843 619.871 327.484
5 245.844 627.694 337.607
6 245.845 99.8394 280.049
7 245.845 385.791 587.649
8 245.846 171.47 596.804
0 246.862 643.608 311.24
1 246.863 598.748 330.154
2 246.864 458.652 327.904
3 246.865 637.614 326.455
4 246.865 609.964 328.847
5 246.866 617.713 338.233
6 246.866 109.46 277.32
7 246.867 376.315 584.455
0 247.88 633.753 309.547
1 247.881 588.844 331.536
2 247.882 451.41 321.008
3 247.882 627.766 328.191
4 247.883 600.058 330.209
5 247.884 607.733 338.86
6 247.884 119.08 274.592
8 247.885 179.559 602.683
0 248.899 623.897 307.853
1 248.9 578.939 332.918
2 248.901 444.168 314.112
3 248.902 617.918 329.927
4 248.903 590.151 331.572
5 248.904 597.753 339.486
6 248.904 128.701 271.863
7 248.905 369.408 577.224
8 248.906 187.648 608.563
0 249.92 614.042 306.159
1 249.922 569.035 334.3
3 249.923 608.07 331.663
4 249.924 580.244 332.935
5 249.925 587.772 340.112
6 249.927 138.321 269.134
7 249.928 362.5 569.992
0 250.948 604.186 304.466
1 250.949 559.131 335.681
2 250.95 446.43 304.371
3 250.95 598.222 333.399
4 250.951 570.337 334.298
5 250.951 577.792 340.738
6 250.952 147.942 266.406
7 250.953 355.593 562.761
8 250.953 186.318 598.652
0 251.967 594.331 302.772
1 251.967 549.227 337.063
2 251.968 448.692 294.631
3 251.969 588.373 335.135
4 251.97 560.431 335.661
5 251.971 567.811 341.365
6 251.972 157.562 263.677
7 251.973 348.686 555.53
8 251.973 184.989 588.741
0 252.989 584.475 301.078
1 252.99 539.323 338.445
2 252.991 450.955 284.89
3 252.991 578.525 336.871
4 252.992 550.524 337.023
5 252.993 557.831 341.991
6 252.993 167.183 260.948
8 252.994 183.66 578.829
0 254.01 574.62 299.385
1 254.011 529.419 339.826
3 254.012 568.677 338.606
4 254.012 540.617 338.386
5 254.013 547.851 342.617
7 254.014 340.618 549.622
8 254.014 182.33 568.918
0 255.03 564.764 297.691
1 255.03 519.515 341.208
2 255.031 445.324 293.154
3 255.032 558.829 340.342
4 255.033 530.711 339.749
5 255.033 537.87 343.243
6 255.034 170.976 251.695
7 255.035 332.55 543.713
8 255.036 181.001 559.007
0 256.053 554.908 295.997
1 256.054 509.611 342.59
2 256.056 439.693 301.418
3 256.057 548.981 342.078
4 256.058 520.804 341.112
5 256.059 527.89 343.87
6 256.061 174.769 242.443
7 256.062 324.483 537.804
0 257.084 545.053 294.304
1 257.086 499.707 343.972
2 257.087 434.063 309.682
3 257.088 539.132 343.814
4 257.089 510.897 342.475
5 257.092 517.91 344.496
6 257.093 178.562 233.19
7 257.095 316.415 531.895
8 257.096 171.417 556.152
0 258.121 535.197 292.61
1 258.121 489.803 345.353
2 258.122 428.432 317.947
3 258.123 529.284 345.55
4 258.123 500.991 343.837
5 258.124 507.929 345.122
7 258.125 308.347 525.987
8 258.125 161.834 553.296
0 259.138 525.342 290.916
1 259.139 479.899 346.735
2 259.14 422.802 326.211
3 259.14 519.436 347.286
4 259.141 491.084 345.2
5 259.141 497.949 345.748
6 259.142 187.255 228.247
8 259.143 152.25 550.441
0 260.155 515.486 289.223
2 260.157 417.171 334.475
3 260.157 509.588 349.022
4 260.158 481.177 346.563
5 260.158 487.968 346.374
6 260.159 195.948 223.304
7 260.16 305.975 516.272
8 260.16 142.666 547.585
0 261.174 505.631 287.529
1 261.174 469.9 346.911
2 261.175 411.54 342.739
3 261.176 499.74 350.758
5 261.176 477.988 347.001
7 261.177 303.602 506.558
8 261.178 133.083 544.73
0 262.196 495.775 285.835
1 262.197 459.902 347.087
3 262.198 489.892 352.494
4 262.199 471.219 347.475
6 262.2 186.388 226.238
7 262.2 301.229 496.844
8 262.201 123.499 541.875
0 263.216 485.92 284.142
1 263.216 449.903 347.263
2 263.217 402.16 346.205
3 263.218 480.043 354.23
4 263.219 461.261 348.388
5 263.22 476.318 356.86
6 263.222 176.828 229.172
8 263.223 113.915 539.019
0 264.241 476.064 282.448
1 264.242 439.905 347.439
2 264.243 392.78 349.671
3 264.243 470.195 355.966
4 264.244 451.302 349.3
5 264.245 474.647 366.72
6 264.245 167.268 232.106
7 264.246 291.715 493.764
8 264.247 104.332 536.164
0 265.261 466.209 280.754
1 265.262 429.906 347.615
2 265.264 383.4 353.137
4 265.265 441.344 350.212
5 265.266 472.977 376.579
6 265.267 157.708 235.04
7 265.268 282.201 490.684
8 265.269 94.7479 533.308
0 266.286 456.353 279.061
1 266.286 419.908 347.791
2 266.287 374.02 356.603
3 266.288 460.225 356.734
4 266.288 431.386 351.125
5 266.289 471.306 386.439
6 266.289 148.149 237.975
7 266.29 272.687 487.604
8 266.291 85.1642 530.453
1 267.303 409.909 347.966
2 267.304 364.64 360.069
3 267.305 450.254 357.503
4 267.305 421.427 352.037
5 267.306 469.636 396.298
6 267.306 138.589 240.909
0 268.319 446.968 275.609
2 268.32 355.259 363.535
3 268.321 440.284 358.271
4 268.321 411.469 352.949
5 268.322 467.965 406.158
6 268.322 129.029 243.843
7 268.323 275.155 497.295
8 268.324 78.4158 537.833
0 269.336 437.583 272.157
1 269.337 402.557 341.188
3 269.338 430.314 359.04
4 269.339 401.511 353.862
5 269.339 466.295 416.017
6 269.34 119.469 246.777
7 269.34 277.623 506.985
8 269.341 71.6674 545.212
0 270.354 428.197 268.705
1 270.355 395.205 334.409
2 270.355 348.459 370.866
3 270.356 420.343 359.809
5 270.357 464.625 425.877
7 270.357 280.091 516.676
8 270.358 64.919 552.592
1 271.375 387.853 327.631
2 271.376 341.658 378.198
3 271.377 410.373 360.577
4 271.377 401.132 343.869
5 271.378 462.954 435.736
6 271.379 109.907 249.704
7 271.379 282.559 526.367
8 271.38 58.1706 559.972
0 272.392 422.746 277.088
2 272.393 334.857 385.529
3 272.394 400.402 361.346
4 272.395 400.753 333.876
5 272.395 461.284 445.596
6 272.396 100.345 252.63
7 272.396 285.027 536.057
8 272.397 51.4222 567.351
0 273.41 417.294 285.472
1 273.41 391.463 318.305
2 273.411 328.057 392.861
3 273.412 390.432 362.114
4 273.412 400.375 323.883
5 273.413 459.613 455.455
6 273.413 90.7826 255.557
7 273.414 287.495 545.748
1 274.427 395.073 308.979
3 274.428 380.461 362.883
4 274.428 399.996 313.89
5 274.429 457.943 465.315
6 274.43 81.2204 258.484
7 274.43 289.962 555.439
8 274.431 52.594 577.282
0 275.447 407.303 285.055
1 275.447 398.682 299.653
2 275.448 325.525 402.535
3 275.448 370.491 363.652
5 275.449 456.272 475.174
6 275.45 71.6583 261.411
7 275.45 292.43 565.129
8 275.451 53.7658 587.213
0 276.464 397.312 284.638
2 276.465 322.992 412.209
3 276.465 360.521 364.42
4 276.466 390.234 311.72
5 276.467 454.602 485.034
7 276.467 294.898 574.82
8 276.468 54.9376 597.145
0 277.48 387.32 284.222
1 277.481 390.22 294.325
3 277.482 350.55 365.189
4 277.483 380.472 309.55
5 277.483 452.931 494.893
6 277.484 62.0815 258.532
7 277.485 297.366 584.511
8 277.485 56.1093 607.076
0 278.499 377.329 283.805
1 278.5 381.758 288.996
2 278.501 324.413 422.107
4 278.502 370.711 307.38
5 278.502 451.261 504.753
6 278.503 52.5046 255.654
8 278.504 57.2811 617.007
1 279.517 373.296 283.668
2 279.518 325.834 432.006
3 279.518 345.627 356.485
5 279.519 449.591 514.612
6 279.52 42.9278 252.776
7 279.52 305.608 590.174
8 279.521 58.4529 626.938
0 280.534 367.807 280.75
2 280.535 327.255 441.905
3 280.535 340.704 347.781
4 280.536 365.796 298.672
5 280.537 447.92 524.472
7 280.537 313.851 595.836
8 280.538 59.6247 636.869
0 281.55 358.285 277.696
1 281.551 364.436 279.031
2 281.552 328.675 451.803
3 281.552 335.781 339.076
4 281.553 360.88 289.963
6 281.554 51.8922 248.345
8 281.554 60.7965 646.8
0 282.568 348.763 274.641
1 282.568 355.576 274.395
2 282.569 330.096 461.702
4 282.57 355.965 281.254
5 282.57 455.876 530.53
6 282.571 60.8566 243.913
7 282.572 313.087 605.807
8 282.572 61.9683 656.731
1 283.585 346.716 269.758
2 283.586 331.517 471.6
3 283.586 345.226 335.791
4 283.607 351.05 272.545
5 283.608 463.832 536.588
6 283.609 69.821 239.481
7 283.609 312.323 615.778
0 284.622 348.149 264.66
3 284.623 354.671 332.506
6 284.624 78.7854 235.05
8 284.625 60.7029 666.651
0 285.638 347.535 254.679
1 285.639 353.884 262.785
2 285.639 321.568 470.586
4 285.64 341.101 271.538
5 285.641 468.773 545.282
6 285.641 87.7498 230.618
7 285.642 308.949 625.191
8 285.643 59.4375 676.57
0 286.656 346.92 244.697
1 286.656 361.052 255.813
2 286.657 311.62 469.573
3 286.658 350.222 323.55
4 286.658 331.152 270.531
5 286.659 473.714 553.976
7 286.66 305.575 634.605
0 287.672 346.306 234.716
1 287.673 368.22 248.84
2 287.674 301.671 468.559
3 287.674 345.773 314.594
4 287.675 321.203 269.524
6 287.676 82.383 222.18
8 287.676 63.8586 685.54
0 288.689 345.692 224.735
3 288.69 341.324 305.638
4 288.691 311.254 268.517
5 288.692 464.067 556.611
6 288.692 77.0163 213.742
7 288.693 315.472 636.039
8 288.693 68.2796 694.51
0 289.707 345.077 214.754
1 289.708 364.736 239.467
2 289.708 294.398 461.696
4 289.709 301.305 267.51
5 289.71 454.42 559.246
6 289.71 71.6495 205.304
7 289.711 325.368 637.474
0 290.724 344.463 204.773
1 290.725 361.251 230.094
2 290.725 287.124 454.834
3 290.726 331.783 302.642
4 290.726 291.355 266.502
5 290.727 444.774 561.881
8 290.728 78.2241 693.458
0 291.741 343.849 194.792
1 291.741 357.767 220.721
2 291.742 279.85 447.972
3 291.743 322.242 299.646
4 291.743 281.406 265.495
6 291.744 62.0616 202.463
7 291.745 334.528 633.462
8 291.745 88.1686 692.405
0 292.758 343.235 184.811
1 292.759 354.282 211.347
3 292.76 312.702 296.65
4 292.76 271.457 264.488
5 292.761 435.36 558.507
6 292.761 52.4737 199.622
7 292.762 343.689 629.45
1 293.775 350.797 201.974
2 293.776 271.877 454.008
4 293.777 261.508 263.481
5 293.777 425.947 555.132
6 293.778 42.8858 196.781
8 293.778 98.1653 692.663
0 294.791 344.19 174.856
1 294.792 347.313 192.601
2 294.793 263.905 460.044
3 294.794 311.599 306.589
4 294.794 251.559 262.474
5 294.795 416.534 551.757
7 294.796 348.828 638.029
8 294.796 108.162 692.921
0 295.809 345.145 164.902
1 295.81 343.828 183.228
3 295.811 310.496 316.528
4 295.811 241.61 261.467
6 295.812 38.8208 205.917
7 295.813 353.967 646.607
8 295.813 118.159 693.179
0 296.826 346.101 154.948
2 296.827 261.433 450.354
5 296.828 406.653 550.218
6 296.829 34.7557 215.054
8 296.829 128.155 693.437
1 297.842 342.743 173.287
2 297.843 258.962 440.664
3 297.843 303.712 309.181
4 297.844 231.8 259.524
5 297.845 396.772 548.678
7 297.845 361.494 653.191
8 297.846 138.152 693.694
0 298.859 348.766 145.31
1 298.86 341.658 163.346
2 298.86 256.491 430.974
3 298.861 296.928 301.835
4 298.862 221.99 257.582
5 298.862 386.891 547.139
6 298.863 32.1005 224.695
7 298.867 369.021 659.775
8 298.867 148.149 693.952
0 299.88 351.432 135.671
1 299.881 340.573 153.405
2 299.882 254.019 421.285
3 299.882 290.144 294.488
4 299.883 212.181 255.64
6 299.884 29.4452 234.336
7 299.884 376.548 666.358
0 300.897 354.097 126.033
1 300.898 339.487 143.464
2 300.898 251.548 411.595
3 300.899 283.36 287.141
5 300.9 378.581 552.701
6 300.9 26.79 243.977
7 300.901 384.075 672.942
8 300.902 147.22 703.909
2 301.914 249.077 401.905
4 301.915 213.965 245.8
5 301.916 370.27 558.263
6 301.917 24.1347 253.618
7 301.917 391.601 679.526
8 301.918 146.292 713.866
0 302.931 363.958 124.369
1 302.932 348.222 138.596
2 302.932 246.605 392.215
3 302.933 283.989 297.121
4 302.934 215.749 235.961
5 302.934 361.96 563.825
6 302.935 21.4795 263.259
0 303.947 373.818 122.706
1 303.948 356.957 133.727
2 303.949 244.134 382.525
3 303.949 284.619 307.101
4 303.95 217.533 226.121
5 303.951 353.649 569.387
7 303.951 394.607 689.063
8 303.952 141.58 722.686
1 304.966 365.692 128.859
3 304.967 285.248 317.081
4 304.968 219.317 216.282
5 304.968 345.339 574.948
6 304.969 26.6475 271.82
7 304.969 397.613 698.601
8 304.97 136.867 731.506
0 305.991 376.448 113.058
1 305.991 374.427 123.991
2 305.992 253.551 379.161
3 305.993 285.878 327.061
4 305.993 221.101 206.442
5 305.994 337.028 580.51
6 305.994 31.8155 280.381
0 307.01 379.078 103.41
2 307.011 262.968 375.797
5 307.011 328.717 586.072
7 307.012 402.804 707.149
8 307.013 146.523 734.104
0 308.025 381.707 93.7615
1 308.027 369.366 115.367
2 308.032 272.386 372.433
3 308.034 294.405 332.285
4 308.035 216.355 197.64
5 308.035 320.407 591.634
6 308.036 41.4119 283.193
7 308.037 407.994 715.696
8 308.037 156.18 736.703
0 309.054 384.337 84.1135
1 309.055 364.304 106.742
3 309.056 302.932 337.508
4 309.057 211.609 188.838
5 309.059 312.096 597.196
6 309.06 51.0083 286.006
0 310.079 386.967 74.4655
1 310.08 359.243 98.1177
2 310.081 282.364 373.095
4 310.082 206.863 180.036
5 310.083 303.786 602.758
6 310.084 60.6047 288.818
7 310.084 399.878 709.855
8 310.085 165.224 740.971
0 311.101 389.597 64.8174
2 311.102 292.342 373.757
3 311.103 308.007 346.125
5 311.104 295.475 608.32
6 311.106 70.2012 291.63
7 311.107 391.761 704.013
8 311.108 174.267 745.238
0 312.125 392.226 55.1694
1 312.126 349.76 94.9425
3 312.126 313.081 354.742
4 312.127 215.066 174.318
5 312.128 287.165 613.882
6 312.128 79.7976 294.442
7 312.129 383.645 698.171
1 313.15 340.278 91.7673
2 313.151 283.113 369.906
4 313.152 223.27 168.6
6 313.153 89.394 297.254
7 313.154 375.529 692.329
8 313.154 179.409 736.662
0 314.18 402.223 55.4153
1 314.18 330.795 88.5921
2 314.181 273.885 366.055
3 314.182 303.082 354.633
5 314.182 281.689 622.25
6 314.183 98.9904 300.067
7 314.184 367.412 686.488
8 314.184 184.551 728.085
0 315.2 412.22 55.6611
2 315.2 264.656 362.203
3 315.201 293.083 354.524
4 315.202 229.568 176.367
5 315.202 276.214 630.617
6 315.203 108.587 302.879
7 315.204 359.296 680.646
0 316.222 422.217 55.907
1 316.223 326.935 97.8169
2 316.228 255.427 358.352
3 316.229 283.083 354.415
4 316.23 235.866 184.135
7 316.231 351.18 674.804
8 316.232 182.024 718.409
1 317.251 323.075 107.042
2 317.251 246.199 354.5
3 317.252 273.084 354.306
5 317.253 279.868 639.926
6 317.254 110.166 293.004
7 317.254 343.063 668.963
8 317.255 179.497 708.734
0 318.275 422.904 45.9306
1 318.276 319.215 116.267
3 318.277 263.084 354.197
4 318.277 245.834 184.939
5 318.278 283.522 649.234
6 318.279 111.745 283.13
7 318.28 334.947 663.121
8 318.28 176.971 699.058
0 319.3 423.59 35.9542
2 319.301 241.015 345.949
3 319.302 253.085 354.088
4 319.302 255.801 185.742
6 319.303 113.324 273.255
0 320.318 424.277 25.9777
1 320.319 317.132 106.486
2 320.32 235.831 337.397
3 320.321 243.086 353.979
5 320.321 273.66 650.892
6 320.322 114.903 263.381
7 320.322 344.438 666.27
8 320.323 171.928 690.423
1 321.336 315.049 96.7054
2 321.337 230.648 328.846
4 321.338 264.803 181.386
5 321.338 263.799 652.55
6 321.339 116.482 253.506
7 321.339 353.93 669.418
8 321.34 166.884 681.788
0 322.353 426.876 16.3214
1 322.354 312.966 86.9247
2 322.354 225.464 320.294
3 322.355 245.169 344.199
4 322.359 273.804 177.03
5 322.359 253.937 654.208
6 322.36 118.061 243.632
7 322.36 363.421 672.567
8 322.361 161.841 673.153
0 323.374 429.475 6.66513
1 323.375 310.883 77.1441
2 323.375 220.28 311.743
3 323.376 247.253 334.418
5 323.377 244.075 655.866
6 323.377 119.64 233.757
7 323.378 372.912 675.716
0 324.391 432.074 -2.99118
2 324.392 215.096 303.191
3 324.393 249.336 324.638
4 324.393 274.282 167.042
5 324.394 234.214 657.524
6 324.394 121.219 223.883
7 324.395 382.404 678.864
8 324.396 153.027 677.875
1 325.409 301.678 73.2346
2 325.409 209.913 294.64
3 325.41 251.42 314.857
4 325.411 274.759 157.053
5 325.411 224.352 659.181
7 325.412 391.895 682.013
8 325.413 144.212 682.598
0 326.426 441.559 0.176787
1 326.426 292.474 69.3252
2 326.427 204.729 286.088
3 326.428 253.503 305.076
4 326.428 275.236 147.064
5 326.429 214.49 660.839
6 326.429 114.397 216.571
7 326.43 401.387 685.162
8 326.431 135.397 687.32
0 327.446 451.044 3.34475
1 327.446 283.27 65.4157
2 327.447 199.545 277.536
3 327.448 255.587 295.296
5 327.449 204.629 662.497
6 327.449 107.574 209.26
7 327.45 410.878 688.31
8 327.451 126.583 692.043
0 328.468 460.529 6.51272
2 328.469 194.361 268.985
3 328.47 257.67 285.515
4 328.47 265.303 148.22
5 328.471 194.767 664.155
6 328.472 100.752 201.949
7 328.472 420.369 691.459
8 328.473 117.768 696.765
1 329.486 279.589 56.1179
2 329.487 189.178 260.433
3 329.487 259.754 275.735
4 329.488 255.37 149.375
5 329.489 184.906 665.813
8 329.489 108.953 701.488
0 330.507 450.538 6.9373
1 330.509 275.908 46.82
2 330.509 183.994 251.882
3 330.51 261.837 265.954
4 330.511 245.437 150.531
5 330.512 175.044 667.471
6 330.513 110.677 203.171
7 330.513 424.652 700.496
8 330.515 100.139 706.21
0 331.531 440.547 7.36188
1 331.532 272.227 37.5221
2 331.533 178.81 243.33
3 331.534 263.921 256.174
5 331.534 165.182 669.129
6 331.535 120.602 204.394
7 331.536 428.935 709.532
8 331.538 91.3242 710.933
0 332.555 430.556 7.78646
2 332.556 173.626 234.779
3 332.557 266.004 246.393
4 332.558 236.98 145.193
5 332.558 155.321 670.787
6 332.559 130.527 205.616
7 332.559 433.217 718.569
8 332.56 82.5096 715.655
0 333.572 420.565 8.21105
1 333.573 263.182 41.7861
2 333.574 168.443 226.227
3 333.574 268.088 236.613
4 333.575 228.524 139.856
6 333.576 140.452 206.839
0 334.59 410.574 8.63563
1 334.592 254.137 46.0501
2 334.593 163.259 217.676
3 334.595 270.171 226.832
4 334.597 220.068 134.518
5 334.598 164.703 674.246
6 334.598 150.377 208.061
7 334.599 433.976 728.54
8 334.6 87.7416 724.178
0 335.621 400.583 9.06021
2 335.622 158.075 209.124
3 335.623 272.255 217.052
5 335.623 174.086 677.706
6 335.624 160.302 209.284
7 335.625 434.735 738.511
8 335.625 92.9737 732.7
1 336.638 253.248 56.0105
3 336.639 274.338 207.271
4 336.64 212.651 141.226
5 336.64 183.468 681.166
0 337.653 395.048 17.3883
1 337.654 252.359 65.9709
2 337.654 161.083 199.587
3 337.655 276.422 197.491
4 337.656 205.235 147.934
5 337.656 192.85 684.626
6 337.657 162.5 199.528
7 337.658 443.698 734.076
8 337.658 101.683 737.614
0 338.671 389.512 25.7164
2 338.672 164.092 190.05
3 338.673 278.505 187.71
4 338.673 197.818 154.642
5 338.674 202.233 688.086
6 338.675 164.699 189.773
7 338.675 452.66 729.642
8 338.676 110.392 742.528
0 339.689 383.976 34.0445
1 339.69 258.457 73.8966
2 339.691 167.1 180.514
3 339.691 280.589 177.929
4 339.692 190.402 161.35
6 339.693 166.898 180.018
7 339.693 461.623 725.207
1 340.709 264.555 81.8223
5 340.71 211.172 692.568
8 340.711 100.393 742.645
0 341.726 377.112 26.7724
2 341.727 174.8 186.893
3 341.728 276.738 168.701
4 341.729 192.317 151.535
5 341.731 220.111 697.05
6 341.732 156.929 180.814
7 341.733 451.643 725.832
8 341.734 90.3933 742.762
0 342.746 370.248 19.5004
1 342.747 260.598 91.0062
2 342.748 182.501 193.273
3 342.749 272.887 159.472
4 342.751 194.231 141.72
6 342.752 146.961 181.611
7 342.753 441.662 726.456
8 342.754 80.394 742.879
0 343.768 363.384 12.2283
1 343.769 256.641 100.19
2 343.771 190.202 199.652
3 343.772 269.036 150.243
4 343.774 196.146 131.905
5 343.775 229.282 701.037
6 343.776 136.993 182.408
7 343.777 431.682 727.08
8 343.778 70.3947 742.995
3 344.786 265.186 141.014
4 344.786 198.061 122.09
5 344.787 238.453 705.023
6 344.787 127.025 183.205
7 344.788 421.701 727.704
0 345.804 353.76 14.9463
1 345.805 247.003 102.854
2 345.806 194.314 190.537
3 345.807 261.335 131.785
4 345.808 199.975 112.275
6 345.809 117.057 184.002
7 345.809 411.721 728.329
8 345.81 61.3444 738.742
0 346.826 344.137 17.6642
1 346.827 237.364 105.518
2 346.828 198.426 181.422
3 346.829 257.484 122.557
4 346.829 201.89 102.46
5 346.83 248.445 704.607
6 346.831 107.088 184.799
7 346.831 401.74 728.953
8 346.832 52.2942 734.488
0 347.85 334.513 20.3822
1 347.851 227.725 108.181
2 347.851 202.538 172.306
4 347.852 203.804 92.6448
5 347.853 258.436 704.19
6 347.853 97.1201 185.595
7 347.854 391.76 729.577
8 347.854 43.2439 730.235
0 348.869 324.89 23.1002
2 348.87 206.651 163.191
3 348.87 262.644 113.991
4 348.871 205.719 82.8298
6 348.872 87.1519 186.392
7 348.873 381.779 730.201
0 349.892 315.266 25.8181
1 349.894 235.486 101.874
2 349.895 210.763 154.076
3 349.896 267.804 105.425
4 349.898 207.634 73.0148
5 349.9 267.386 699.73
6 349.902 77.1837 187.189
8 349.903 33.8871 733.763
0 350.918 305.642 28.5361
1 350.919 243.246 95.5669
2 350.92 214.875 144.96
3 350.921 272.964 96.8591
4 350.921 209.548 63.1998
5 350.922 276.336 695.27
6 350.922 67.2155 187.986
7 350.923 372.136 732.847
8 350.924 24.5303 737.292
1 351.94 251.006 89.2597
2 351.941 218.987 135.845
3 351.942 278.125 88.2933
4 351.943 211.463 53.3848
5 351.945 285.287 690.81
6 351.946 57.2473 188.783
7 351.947 362.492 735.493
0 352.961 295.645 28.3124
1 352.962 258.766 82.9525
2 352.963 223.099 126.73
3 352.964 283.285 79.7275
4 352.966 213.378 43.5698
5 352.967 294.237 686.35
6 352.967 47.2791 189.58
7 352.968 352.849 738.139
8 352.969 15.152 740.762
0 353.982 285.647 28.0887
1 353.983 266.526 76.6453
2 353.985 227.212 117.614
3 353.986 288.445 71.1617
4 353.987 215.292 33.7548
5 353.989 303.187 681.89
6 353.991 37.3109 190.376
8 353.992 5.77364 744.233
0 355.005 275.65 27.8649
1 355.007 274.286 70.338
2 355.008 231.324 108.499
3 355.01 293.605 62.5959
4 355.011 217.207 23.9398
5 355.012 312.138 677.43
6 355.014 27.3427 191.173
7 355.016 343.86 733.757
8 355.016 -3.60469 747.704
0 356.032 265.652 27.6412
1 356.034 282.046 64.0308
3 356.035 298.765 54.0301
6 356.037 17.3745 191.97
7 356.04 334.871 729.375
0 357.057 255.655 27.4175
1 357.059 289.806 57.7236
2 357.06 222.154 112.487
3 357.06 303.925 45.4642
4 357.061 211.564 32.1958
5 357.062 320.201 683.345
7 357.063 325.882 724.993
8 357.063 -0.00840002 738.373
0 358.079 245.657 27.1937
1 358.082 297.566 51.4164
2 358.082 212.983 116.475
4 358.083 205.922 40.4518
5 358.084 328.264 689.259
6 358.085 10.6514 199.373
8 358.085 3.58789 729.042
0 359.098 235.66 26.97
1 359.099 305.326 45.1092
2 359.1 203.813 120.463
3 359.101 295.406 50.7013
4 359.101 200.279 48.7078
6 359.102 3.9284 206.776
7 359.103 331.726 716.878
8 359.103 7.18419 719.711
2 360.121 194.643 124.452
3 360.122 286.887 55.9384
4 360.122 194.636 56.9637
5 360.123 336.276 695.243
7 360.124 337.57 708.763
8 360.124 10.7805 710.38
0 361.14 226.152 23.8705
1 361.141 296.796 50.3285
2 361.143 185.472 128.44
3 361.144 278.368 61.1755
4 361.146 188.994 65.2197
5 361.146 344.288 701.227
6 361.147 2.67739 216.697
7 361.147 343.414 700.648
0 362.16 216.645 20.7709
1 362.161 288.267 55.5478
2 362.163 176.302 132.428
3 362.164 269.849 66.4125
4 362.164 183.351 73.4757
6 362.165 1.42639 226.618
8 362.166 20.1866 706.986
0 363.18 207.137 17.6714
1 363.182 279.737 60.767
2 363.183 167.132 136.416
3 363.184 261.33 71.6496
4 363.186 177.709 81.7317
5 363.187 334.46 703.077
7 363.188 333.621 702.672
8 363.188 29.5927 703.591
0 364.204 197.63 14.5718
1 364.206 271.207 65.9863
2 364.207 157.961 140.405
3 364.208 252.811 76.8867
4 364.209 172.066 89.9876
5 364.211 324.633 704.928
6 364.212 2.37295 216.663
7 364.214 323.828 704.696
0 365.227 188.122 11.4723
1 365.228 262.677 71.2056
2 365.229 148.791 144.393
3 365.23 244.292 82.1237
4 365.231 166.424 98.2436
5 365.232 314.806 706.778
6 365.233 3.31951 206.708
7 365.233 314.035 706.72
8 365.234 39.2867 706.046
0 366.248 178.615 8.37271
1 366.249 254.147 76.4249
2 366.25 139.621 148.381
3 366.251 235.773 87.3608
4 366.252 160.781 106.5
5 366.253 304.978 708.628
6 366.254 4.26607 196.753
7 366.254 304.241 708.743
8 366.255 48.9806 708.501
0 367.268 169.107 5.27316
1 367.269 245.617 81.6442
2 367.269 130.451 152.369
3 367.271 227.254 92.5979
4 367.272 155.138 114.756
6 367.273 5.21263 186.798
8 367.274 58.6746 710.956
0 368.29 159.6 2.17361
1 368.292 237.087 86.8635
3 368.295 218.735 97.835
4 368.297 149.496 123.012
5 368.299 306.108 718.564
6 368.301 6.15919 176.843
7 368.302 305.579 718.654
8 368.303 68.3686 713.411
1 369.323 228.557 92.0827
2 369.324 122.456 146.361
3 369.325 210.216 103.072
4 369.327 143.853 131.268
5 369.328 307.238 728.5
6 369.328 7.10575 166.888
7 369.329 306.917 728.564
8 369.33 78.0625 715.866
0 370.342 149.606 1.83461
1 370.343 220.027 97.302
2 370.343 114.462 140.354
3 370.344 201.697 108.309
4 370.344 138.211 139.524
5 370.345 308.367 738.436
7 370.345 308.254 738.474
8 370.346 87.7565 718.321
0 371.36 139.611 1.49561
1 371.361 211.498 102.521
2 371.361 106.468 134.346
3 371.362 193.178 113.546
4 371.363 132.568 147.779
5 371.365 309.497 748.372
6 371.365 11.4036 157.858
7 371.366 309.592 748.384
8 371.366 97.4504 720.776
0 372.382 129.617 1.15661
1 372.41 202.968 107.741
3 372.411 184.659 118.783
4 372.411 126.925 156.035
6 372.412 15.7014 148.829
8 372.413 107.144 723.231
1 373.429 194.438 112.96
2 373.43 98.525 140.421
3 373.431 176.14 124.02
5 373.432 301.765 742.03
6 373.432 19.9992 139.8
7 373.433 319.577 747.841
8 373.434 116.838 725.686
0 374.448 119.617 1.09548
1 374.449 185.908 118.179
2 374.45 90.5818 146.496
3 374.452 167.621 129.257
4 374.453 117.032 154.577
5 374.454 294.033 735.689
7 374.455 329.562 747.297
8 374.455 126.532 728.141
0 375.468 109.618 1.03434
1 375.47 177.378 123.398
2 375.472 82.6386 152.571
3 375.474 159.102 134.494
4 375.477 107.139 153.118
5 375.478 286.301 729.347
6 375.478 15.342 130.951
7 375.479 339.547 746.754
8 375.48 136.226 730.596
0 376.492 99.6177 0.973209
1 376.492 168.848 128.618
