0 1.021 621.784 301.28
1 1.022 621.088 291.538
2 1.024 529.642 598.053
3 1.025 414.872 176.612
4 1.027 677.487 98.8001
0 2.036 613.428 306.773
1 2.038 612.036 287.289
2 2.039 533.552 588.849
3 2.039 408.708 184.487
4 2.04 667.63 97.1138
0 3.051 605.072 312.266
1 3.053 602.984 283.04
2 3.054 537.461 579.645
3 3.055 402.544 192.361
4 3.057 657.773 95.4274
0 4.069 596.715 317.759
1 4.07 593.931 278.791
2 4.071 541.371 570.441
3 4.072 396.381 200.236
4 4.074 647.916 93.741
0 5.084 588.359 323.252
1 5.085 584.879 274.541
2 5.087 545.281 561.237
3 5.089 390.217 208.111
4 5.091 638.059 92.0547
0 6.1 580.003 328.745
1 6.101 575.827 270.292
2 6.102 549.19 552.033
3 6.104 384.054 215.985
4 6.105 628.203 90.3683
0 7.114 571.647 334.237
1 7.115 566.774 266.043
2 7.115 553.1 542.829
3 7.116 377.89 223.86
4 7.119 618.346 88.6819
0 8.128 563.29 339.73
1 8.129 557.722 261.794
2 8.129 557.01 533.625
3 8.13 371.726 231.735
4 8.13 608.489 86.9956
0 9.139 554.934 345.223
1 9.14 548.67 257.545
2 9.141 560.919 524.421
3 9.143 365.563 239.609
4 9.145 598.632 85.3092
0 10.153 546.578 350.716
1 10.154 539.617 253.296
2 10.155 564.829 515.217
3 10.156 359.399 247.484
4 10.156 588.776 83.6229
0 11.164 538.221 356.209
1 11.164 530.565 249.047
2 11.165 568.739 506.013
3 11.166 353.236 255.359
4 11.166 578.919 81.9365
0 12.176 529.865 361.702
1 12.178 521.513 244.797
2 12.179 572.648 496.809
3 12.18 347.072 263.233
4 12.18 569.062 80.2501
0 13.187 521.509 367.195
1 13.188 512.46 240.548
2 13.189 576.558 487.605
3 13.19 340.909 271.108
4 13.19 559.205 78.5638
0 14.199 513.152 372.688
1 14.2 503.408 236.299
2 14.201 580.468 478.401
3 14.202 334.745 278.983
4 14.203 549.348 76.8774
0 15.213 504.796 378.181
1 15.215 494.356 232.05
2 15.216 584.377 469.197
3 15.217 328.581 286.857
4 15.218 539.492 75.191
0 16.226 496.44 383.673
1 16.227 485.303 227.801
2 16.228 588.287 459.993
3 16.228 322.418 294.732
4 16.229 529.635 73.5047
0 17.237 488.083 389.166
1 17.239 476.251 223.552
2 17.241 592.197 450.788
3 17.242 316.254 302.607
4 17.243 519.778 71.8183
0 18.253 479.727 394.659
1 18.255 467.199 219.302
2 18.256 596.106 441.584
3 18.256 310.091 310.481
4 18.257 509.921 70.132
0 19.265 471.371 400.152
1 19.266 458.146 215.053
2 19.266 600.016 432.38
3 19.267 303.927 318.356
4 19.268 500.065 68.4456
0 20.276 463.014 405.645
1 20.277 449.094 210.804
2 20.278 603.926 423.176
3 20.278 297.764 326.231
4 20.279 490.208 66.7592
0 21.29 454.658 411.138
1 21.291 440.042 206.555
2 21.292 607.835 413.972
3 21.294 291.6 334.105
4 21.296 480.351 65.0729
0 22.305 446.302 416.631
1 22.305 430.989 202.306
2 22.306 611.745 404.768
3 22.307 285.436 341.98
4 22.307 470.494 63.3865
0 23.318 437.945 422.124
1 23.32 421.937 198.057
2 23.321 615.655 395.564
3 23.323 279.273 349.855
4 23.324 460.637 61.7002
0 24.335 429.589 427.617
1 24.337 412.885 193.808
2 24.338 619.564 386.36
3 24.34 273.109 357.729
4 24.341 450.781 60.0138
0 25.35 421.233 433.11
1 25.35 403.832 189.558
2 25.351 623.474 377.156
3 25.352 266.946 365.604
4 25.352 440.924 58.3274
0 26.361 412.876 438.602
1 26.362 394.78 185.309
2 26.363 627.384 367.952
3 26.363 260.782 373.479
4 26.364 431.067 56.6411
0 27.373 404.52 444.095
1 27.374 385.728 181.06
2 27.375 631.293 358.748
3 27.376 254.618 381.353
4 27.376 421.21 54.9547
0 28.386 396.164 449.588
1 28.388 376.675 176.811
2 28.389 635.203 349.544
3 28.39 248.455 389.228
4 28.391 411.353 53.2683
0 29.4 387.807 455.081
1 29.401 367.623 172.562
2 29.401 639.113 340.34
3 29.402 242.291 397.103
4 29.403 401.497 51.582
0 30.412 379.451 460.574
1 30.414 358.571 168.313
2 30.414 643.022 331.136
3 30.415 236.128 404.977
4 30.415 391.64 49.8956
0 31.423 371.095 466.067
1 31.423 349.519 164.063
2 31.424 646.932 321.932
3 31.424 229.964 412.852
4 31.425 381.783 48.2093
0 32.432 362.738 471.56
1 32.433 340.466 159.814
2 32.434 650.842 312.728
3 32.434 223.801 420.727
4 32.435 371.926 46.5229
0 33.446 354.382 477.053
1 33.448 331.414 155.565
2 33.449 654.751 303.524
3 33.45 217.637 428.601
4 33.45 362.07 44.8365
0 34.46 346.026 482.546
1 34.461 322.362 151.316
2 34.461 658.661 294.32
3 34.462 211.473 436.476
4 34.463 352.213 43.1502
0 35.47 337.669 488.038
1 35.471 313.309 147.067
2 35.472 662.571 285.116
3 35.472 205.31 444.351
4 35.473 342.356 41.4638
0 36.481 329.313 493.531
1 36.481 304.257 142.818
2 36.482 666.48 275.912
3 36.483 199.146 452.225
4 36.483 332.499 39.7775
0 37.491 320.957 499.024
1 37.492 295.205 138.569
2 37.493 670.39 266.708
3 37.494 192.983 460.1
4 37.495 322.642 38.0911
0 38.502 312.601 504.517
1 38.503 286.152 134.319
2 38.503 674.3 257.503
3 38.504 186.819 467.975
4 38.505 312.786 36.4047
0 39.512 304.244 510.01
1 39.513 277.1 130.07
2 39.514 678.209 248.299
3 39.514 180.655 475.849
4 39.515 302.929 34.7184
0 40.522 295.888 515.503
1 40.523 268.048 125.821
2 40.524 682.119 239.095
3 40.525 174.492 483.724
4 40.525 293.072 33.032
0 41.536 287.532 520.996
1 41.537 258.995 121.572
2 41.538 686.029 229.891
3 41.538 168.328 491.599
4 41.539 283.215 31.3456
0 42.548 279.175 526.489
1 42.549 249.943 117.323
2 42.55 689.938 220.687
3 42.553 162.165 499.473
4 42.553 273.358 29.6593
0 43.561 270.819 531.982
1 43.562 240.891 113.074
2 43.562 693.848 211.483
3 43.563 156.001 507.348
4 43.564 263.502 27.9729
0 44.571 262.463 537.474
1 44.572 231.838 108.825
2 44.573 697.758 202.279
3 44.574 149.838 515.223
4 44.574 253.645 26.2866
0 45.582 254.106 542.967
1 45.583 222.786 104.575
2 45.583 701.667 193.075
3 45.584 143.674 523.097
4 45.585 243.788 24.6002
0 46.595 245.75 548.46
1 46.596 213.734 100.326
2 46.598 705.577 183.871
3 46.599 137.51 530.972
4 46.6 233.931 22.9138
0 47.609 237.394 553.953
1 47.61 204.681 96.0771
2 47.611 709.487 174.667
3 47.611 131.347 538.847
4 47.612 224.075 21.2275
0 48.619 229.037 559.446
1 48.62 195.629 91.8279
2 48.621 713.396 165.463
3 48.622 125.183 546.721
4 48.622 214.218 19.5411
0 49.63 220.681 564.939
1 49.631 186.577 87.5788
2 49.632 717.306 156.259
3 49.633 119.02 554.596
4 49.633 204.361 17.8548
0 50.644 212.325 570.432
1 50.646 177.524 83.3296
2 50.647 721.216 147.055
3 50.648 112.856 562.47
4 50.65 194.504 16.1684
0 51.658 203.968 575.925
1 51.659 168.472 79.0805
2 51.66 725.125 137.851
3 51.66 106.692 570.345
4 51.662 184.647 14.482
0 52.67 195.612 581.418
1 52.67 159.42 74.8313
2 52.672 729.035 128.647
3 52.673 100.529 578.22
4 52.675 174.791 12.7957
0 53.687 187.256 586.911
1 53.688 150.367 70.5822
2 53.69 732.945 119.443
3 53.691 94.3653 586.094
4 53.693 164.934 11.1093
0 54.702 178.899 592.403
1 54.703 141.315 66.333
2 54.703 736.854 110.239
3 54.704 88.2018 593.969
4 54.705 155.077 9.42294
0 55.716 170.543 597.896
1 55.718 132.263 62.0839
2 55.719 740.764 101.035
3 55.721 82.0382 601.844
4 55.722 145.22 7.73658
0 56.731 162.187 603.389
1 56.732 123.21 57.8347
2 56.732 744.674 91.8306
3 56.733 75.8746 609.718
4 56.734 135.364 6.05022
0 57.742 153.83 608.882
1 57.742 114.158 53.5855
2 57.743 748.583 82.6266
3 57.744 69.711 617.593
4 57.744 125.507 4.36386
0 58.752 145.474 614.375
1 58.753 105.106 49.3364
3 58.754 63.5474 625.468
4 58.755 115.65 2.67749
0 59.765 137.118 619.868
1 59.767 96.0532 45.0872
2 59.768 748.515 92.6263
3 59.769 57.3839 633.342
4 59.77 105.793 0.991133
0 60.782 128.761 625.361
1 60.783 87.0009 40.8381
2 60.785 748.446 102.626
4 60.787 95.9364 -0.695229
0 61.799 120.405 630.854
1 61.801 77.9486 36.5889
2 61.802 748.377 112.626
3 61.803 56.4417 623.387
0 62.814 112.049 636.347
1 62.816 68.8962 32.3398
2 62.818 748.308 122.626
3 62.819 55.4995 613.431
4 62.82 95.7386 9.30281
0 63.832 103.692 641.839
1 63.834 59.8439 28.0906
2 63.835 748.24 132.625
3 63.836 54.5573 603.476
4 63.838 95.5407 19.3009
0 64.847 95.3361 647.332
1 64.848 50.7916 23.8415
2 64.849 748.171 142.625
3 64.849 53.6151 593.52
4 64.85 95.3429 29.2989
0 65.857 86.9798 652.825
1 65.858 41.7392 19.5923
2 65.859 748.102 152.625
3 65.86 52.6729 583.565
4 65.86 95.145 39.2969
0 66.874 78.6235 658.318
1 66.877 32.6869 15.3432
2 66.879 748.033 162.625
3 66.881 51.7308 573.609
4 66.883 94.9472 49.295
0 67.892 70.2672 663.811
1 67.893 23.6346 11.094
2 67.894 747.964 172.624
3 67.894 50.7886 563.654
4 67.895 94.7494 59.293
0 68.902 61.9108 669.304
1 68.903 14.5822 6.84488
2 68.904 747.896 182.624
3 68.904 49.8464 553.698
4 68.906 94.5515 69.2911
0 69.917 53.5545 674.797
1 69.918 5.5299 2.59573
2 69.918 747.827 192.624
3 69.919 48.9042 543.743
4 69.919 94.3537 79.2891
0 70.928 45.1982 680.29
1 70.929 -3.52243 -1.65343
2 70.931 747.758 202.624
3 70.932 47.962 533.787
4 70.933 94.1559 89.2872
0 71.941 36.8419 685.783
2 71.942 747.689 212.623
3 71.943 47.0198 523.832
4 71.943 93.958 99.2852
0 72.952 28.4856 691.275
1 72.953 6.47745 -1.60429
2 72.954 747.62 222.623
3 72.954 46.0776 513.876
4 72.955 93.7602 109.283
0 73.967 20.1292 696.768
1 73.967 16.4773 -1.55515
2 73.968 747.552 232.623
3 73.969 45.1355 503.921
4 73.969 93.5624 119.281
0 74.977 11.7729 702.261
1 74.979 26.4772 -1.50602
2 74.98 747.483 242.623
3 74.981 44.1933 493.965
4 74.982 93.3645 129.279
0 75.992 3.41659 707.754
1 75.994 36.4771 -1.45688
2 75.996 747.414 252.623
3 75.997 43.2511 484.01
4 75.998 93.1667 139.277
1 77.008 46.477 -1.40774
2 77.009 747.345 262.622
3 77.01 42.3089 474.054
4 77.011 92.9689 149.275
0 78.02 13.3818 706.921
1 78.022 56.4768 -1.35861
2 78.023 747.277 272.622
3 78.024 41.3667 464.099
4 78.025 92.771 159.273
0 79.035 23.347 706.088
1 79.036 66.4767 -1.30947
2 79.038 747.208 282.622
3 79.039 40.4245 454.143
4 79.04 92.5732 169.271
0 80.048 33.3123 705.254
1 80.049 76.4766 -1.26034
2 80.05 747.139 292.622
3 80.051 39.4824 444.188
4 80.051 92.3754 179.27
0 81.06 43.2775 704.421
1 81.06 86.4765 -1.2112
2 81.061 747.07 302.621
3 81.062 38.5402 434.232
4 81.062 92.1775 189.268
0 82.072 53.2427 703.588
1 82.073 96.4764 -1.16206
2 82.075 747.001 312.621
3 82.076 37.598 424.277
4 82.077 91.9797 199.266
0 83.085 63.2079 702.754
1 83.086 106.476 -1.11293
2 83.086 746.933 322.621
3 83.087 36.6558 414.321
4 83.088 91.7819 209.264
0 84.095 73.1731 701.921
1 84.096 116.476 -1.06379
2 84.096 746.864 332.621
3 84.097 35.7136 404.366
4 84.098 91.584 219.262
0 85.105 83.1383 701.088
1 85.106 126.476 -1.01466
2 85.107 746.795 342.62
3 85.107 34.7714 394.41
4 85.108 91.3862 229.26
0 86.116 93.1036 700.254
1 86.116 136.476 -0.965519
2 86.117 746.726 352.62
3 86.118 33.8293 384.455
4 86.118 91.1883 239.258
0 87.126 103.069 699.421
1 87.127 146.476 -0.916383
2 87.128 746.658 362.62
3 87.128 32.8871 374.499
4 87.129 90.9905 249.256
0 88.14 113.034 698.588
1 88.141 156.476 -0.867247
2 88.142 746.589 372.62
3 88.144 31.9449 364.544
4 88.145 90.7927 259.254
0 89.153 122.999 697.755
1 89.154 166.476 -0.818111
2 89.154 746.52 382.619
3 89.155 31.0027 354.588
4 89.155 90.5948 269.252
0 90.163 132.964 696.921
1 90.164 176.475 -0.768975
2 90.164 746.451 392.619
3 90.165 30.0605 344.632
4 90.165 90.397 279.25
0 91.174 142.93 696.088
1 91.176 186.475 -0.719839
2 91.177 746.382 402.619
3 91.178 29.1183 334.677
4 91.179 90.1992 289.248
0 92.187 152.895 695.255
1 92.189 196.475 -0.670703
2 92.191 746.314 412.619
3 92.192 28.1762 324.721
4 92.193 90.0013 299.246
0 93.201 162.86 694.421
1 93.202 206.475 -0.621566
2 93.202 746.245 422.619
3 93.203 27.234 314.766
4 93.203 89.8035 309.244
0 94.214 172.825 693.588
1 94.215 216.475 -0.57243
2 94.217 746.176 432.618
3 94.219 26.2918 304.81
4 94.22 89.6057 319.242
0 95.229 182.791 692.755
1 95.23 226.475 -0.523294
2 95.231 746.107 442.618
3 95.231 25.3496 294.855
4 95.232 89.4078 329.24
0 96.243 192.756 691.921
1 96.245 236.475 -0.474158
2 96.247 746.039 452.618
3 96.249 24.4074 284.899
4 96.25 89.21 339.238
0 97.26 202.721 691.088
1 97.261 246.475 -0.425022
2 97.261 745.97 462.618
3 97.262 23.4652 274.944
4 97.263 89.0122 349.236
0 98.27 212.686 690.255
1 98.271 256.474 -0.375886
2 98.272 745.901 472.617
3 98.272 22.5231 264.988
4 98.273 88.8143 359.234
0 99.283 222.651 689.422
1 99.285 266.474 -0.32675
2 99.287 745.832 482.617
3 99.288 21.5809 255.033
4 99.29 88.6165 369.232
0 100.298 232.617 688.588
1 100.299 276.474 -0.277614
2 100.3 745.763 492.617
3 100.3 20.6387 245.077
4 100.301 88.4187 379.23
0 101.309 242.582 687.755
1 101.309 286.474 -0.228478
2 101.31 745.695 502.617
3 101.311 19.6965 235.122
4 101.311 88.2208 389.228
0 102.321 252.547 686.922
1 102.322 296.474 -0.179341
2 102.324 745.626 512.616
3 102.325 18.7543 225.166
4 102.326 88.023 399.226
0 103.335 262.512 686.088
1 103.336 306.474 -0.130205
2 103.337 745.557 522.616
3 103.339 17.8121 215.211
4 103.339 87.8252 409.225
0 104.349 272.478 685.255
1 104.35 316.474 -0.0810691
2 104.351 745.488 532.616
3 104.352 16.87 205.255
4 104.353 87.6273 419.223
0 105.362 282.443 684.422
1 105.363 326.474 -0.031933
2 105.365 745.42 542.616
3 105.366 15.9278 195.3
4 105.367 87.4295 429.221
0 106.378 292.408 683.588
1 106.38 336.473 0.0172031
2 106.382 745.351 552.615
3 106.383 14.9856 185.344
4 106.385 87.2316 439.219
0 107.395 302.373 682.755
1 107.396 346.473 0.0663392
2 107.396 745.282 562.615
3 107.397 14.0434 175.389
4 107.397 87.0338 449.217
0 108.405 312.338 681.922
1 108.407 356.473 0.115475
2 108.409 745.213 572.615
3 108.411 13.1012 165.433
4 108.411 86.836 459.215
0 109.423 322.304 681.089
1 109.425 366.473 0.164611
2 109.426 745.144 582.615
3 109.428 12.159 155.478
4 109.429 86.6381 469.213
0 110.441 332.269 680.255
1 110.443 376.473 0.213748
2 110.444 745.076 592.614
3 110.445 11.2169 145.522
4 110.446 86.4403 479.211
0 111.458 342.234 679.422
1 111.46 386.473 0.262884
2 111.461 745.007 602.614
3 111.463 10.2747 135.567
4 111.465 86.2425 489.209
0 112.476 352.199 678.589
1 112.478 396.473 0.31202
2 112.481 744.938 612.614
3 112.482 9.33249 125.611
4 112.484 86.0446 499.207
0 113.492 362.165 677.755
1 113.493 406.473 0.361156
2 113.494 744.869 622.614
3 113.495 8.39031 115.656
4 113.496 85.8468 509.205
0 114.504 372.13 676.922
1 114.504 416.472 0.410292
2 114.505 744.801 632.614
3 114.505 7.44813 105.7
4 114.506 85.649 519.203
0 115.516 382.095 676.089
1 115.517 426.472 0.459428
2 115.518 744.732 642.613
3 115.518 6.50594 95.7446
4 115.519 85.4511 529.201
0 116.527 392.06 675.255
1 116.527 436.472 0.508564
2 116.528 744.663 652.613
3 116.528 5.56376 85.7891
4 116.529 85.2533 539.199
0 117.536 402.025 674.422
1 117.537 446.472 0.5577
2 117.538 744.594 662.613
3 117.539 4.62158 75.8335
4 117.539 85.0555 549.197
0 118.546 411.991 673.589
1 118.547 456.472 0.606837
2 118.548 744.525 672.613
3 118.548 3.67939 65.878
0 119.556 421.956 672.756
1 119.557 466.472 0.655973
2 119.558 744.457 682.612
3 119.558 2.73721 55.9225
4 119.559 91.0174 541.169
0 120.567 431.921 671.922
1 120.567 476.472 0.705109
2 120.568 744.388 692.612
3 120.569 1.79502 45.967
4 120.569 96.9794 533.14
0 121.577 441.886 671.089
1 121.578 486.472 0.754245
2 121.578 744.319 702.612
3 121.579 0.852841 36.0115
4 121.58 102.941 525.112
0 122.587 451.851 670.256
1 122.588 496.472 0.803381
2 122.589 744.25 712.612
3 122.589 -0.0893423 26.056
4 122.59 108.903 517.084
0 123.6 461.817 669.422
1 123.602 506.471 0.852517
2 123.603 744.182 722.611
4 123.605 114.865 509.055
0 124.616 471.782 668.589
1 124.618 516.471 0.901653
2 124.619 744.113 732.611
3 124.62 8.03715 31.8835
4 124.621 120.827 501.027
0 125.629 481.747 667.756
1 125.63 526.471 0.950789
2 125.63 744.044 742.611
3 125.631 16.1636 37.711
4 125.632 126.789 492.998
0 126.64 491.712 666.922
1 126.64 536.471 0.999926
2 126.641 743.975 752.611
3 126.642 24.2901 43.5386
4 126.642 132.751 484.97
0 127.652 501.678 666.089
1 127.654 546.471 1.04906
3 127.656 32.4166 49.3661
4 127.657 138.713 476.942
0 128.668 511.643 665.256
1 128.669 556.471 1.0982
2 128.67 733.979 752.332
3 128.672 40.5431 55.1936
4 128.673 144.675 468.913
0 129.681 521.608 664.422
1 129.683 566.471 1.14733
2 129.685 723.983 752.054
3 129.687 48.6696 61.0212
4 129.688 150.637 460.885
0 130.698 531.573 663.589
1 130.7 576.471 1.19647
2 130.701 713.987 751.775
3 130.703 56.7961 66.8487
4 130.704 156.599 452.856
0 131.713 541.538 662.756
1 131.714 586.47 1.24561
2 131.715 703.991 751.497
3 131.715 64.9226 72.6762
4 131.716 162.561 444.828
0 132.726 551.504 661.923
1 132.728 596.47 1.29474
2 132.729 693.995 751.219
3 132.73 73.0491 78.5038
4 132.732 168.523 436.8
0 133.741 561.469 661.089
1 133.742 606.47 1.34388
2 133.742 683.998 750.94
3 133.743 81.1756 84.3313
4 133.743 174.485 428.771
0 134.751 571.434 660.256
1 134.752 616.47 1.39301
2 134.752 674.002 750.662
3 134.753 89.3021 90.1588
4 134.754 180.447 420.743
0 135.761 581.399 659.423
1 135.762 626.47 1.44215
2 135.763 664.006 750.383
3 135.763 97.4286 95.9864
4 135.764 186.409 412.714
0 136.771 591.365 658.589
1 136.772 636.47 1.49129
2 136.773 654.01 750.105
3 136.773 105.555 101.814
4 136.774 192.371 404.686
0 137.782 601.33 657.756
1 137.783 646.47 1.54042
2 137.783 644.014 749.826
3 137.784 113.682 107.641
4 137.785 198.333 396.658
0 138.792 611.295 656.923
1 138.794 656.47 1.58956
2 138.796 634.018 749.548
3 138.798 121.808 113.469
4 138.799 204.295 388.629
0 139.807 621.26 656.089
1 139.808 666.469 1.6387
2 139.808 624.022 749.27
3 139.809 129.935 119.296
4 139.809 210.256 380.601
0 140.817 631.225 655.256
1 140.818 676.469 1.68783
2 140.818 614.026 748.991
3 140.819 138.061 125.124
4 140.82 216.218 372.572
0 141.831 641.191 654.423
1 141.833 686.469 1.73697
2 141.834 604.029 748.713
3 141.836 146.188 130.952
4 141.837 222.18 364.544
0 142.847 651.156 653.59
1 142.848 696.469 1.7861
2 142.849 594.033 748.434
3 142.85 154.314 136.779
4 142.851 228.142 356.516
0 143.863 661.121 652.756
1 143.865 706.469 1.83524
2 143.867 584.037 748.156
3 143.868 162.44 142.607
4 143.87 234.104 348.487
0 144.882 671.086 651.923
1 144.883 716.469 1.88438
2 144.884 574.041 747.877
3 144.886 170.567 148.434
4 144.887 240.066 340.459
0 145.895 681.052 651.09
1 145.896 726.469 1.93351
2 145.897 564.045 747.599
3 145.897 178.693 154.262
4 145.898 246.028 332.43
0 146.907 691.017 650.256
1 146.909 736.469 1.98265
2 146.91 554.049 747.321
3 146.911 186.82 160.089
4 146.911 251.99 324.402
0 147.919 700.982 649.423
2 147.92 544.053 747.042
3 147.921 194.946 165.917
4 147.922 257.952 316.374
0 148.929 710.947 648.59
1 148.93 729.275 8.92908
2 148.931 534.057 746.764
3 148.932 203.073 171.744
4 148.932 263.914 308.345
0 149.94 720.912 647.756
1 149.941 722.082 15.8755
2 149.941 524.06 746.485
3 149.942 211.199 177.572
4 149.943 269.876 300.317
1 150.951 714.888 22.822
2 150.951 514.064 746.207
3 150.952 219.326 183.399
4 150.953 275.838 292.289
0 151.964 720.674 637.759
1 151.966 707.694 29.7684
2 151.967 504.068 745.929
3 151.969 227.452 189.227
4 151.97 281.8 284.26
0 152.979 720.436 627.762
1 152.98 700.501 36.7148
2 152.98 494.072 745.65
3 152.981 235.579 195.054
4 152.982 287.762 276.232
0 153.993 720.197 617.765
1 153.995 693.307 43.6613
2 153.996 484.076 745.372
3 153.997 243.705 200.882
4 153.998 293.724 268.203
0 155.01 719.959 607.768
1 155.012 686.114 50.6077
2 155.013 474.08 745.093
3 155.014 251.832 206.709
4 155.016 299.686 260.175
0 156.024 719.721 597.771
1 156.025 678.92 57.5541
2 156.026 464.084 744.815
3 156.027 259.958 212.537
4 156.028 305.648 252.147
0 157.036 719.482 587.774
1 157.037 671.727 64.5006
2 157.038 454.088 744.536
3 157.04 268.085 218.365
4 157.042 311.61 244.118
0 158.055 719.244 577.776
1 158.056 664.533 71.447
2 158.058 444.091 744.258
3 158.059 276.211 224.192
4 158.061 317.572 236.09
0 159.07 719.006 567.779
1 159.071 657.34 78.3934
2 159.071 434.095 743.98
3 159.072 284.338 230.02
4 159.073 323.534 228.061
0 160.081 718.767 557.782
1 160.081 650.146 85.3399
2 160.082 424.099 743.701
3 160.083 292.464 235.847
4 160.083 329.496 220.033
0 161.093 718.529 547.785
1 161.095 642.953 92.2863
2 161.096 414.103 743.423
3 161.098 300.591 241.675
4 161.099 335.458 212.005
0 162.111 718.291 537.788
1 162.112 635.759 99.2327
2 162.114 404.107 743.144
3 162.115 308.717 247.502
4 162.116 341.419 203.976
0 163.128 718.052 527.791
1 163.13 628.566 106.179
2 163.131 394.111 742.866
3 163.133 316.844 253.33
4 163.134 347.381 195.948
0 164.144 717.814 517.793
1 164.145 621.372 113.126
2 164.146 384.115 742.587
3 164.147 324.97 259.157
4 164.148 353.343 187.919
0 165.161 717.576 507.796
1 165.162 614.178 120.072
2 165.164 374.119 742.309
3 165.165 333.097 264.985
4 165.167 359.305 179.891
0 166.179 717.337 497.799
1 166.181 606.985 127.018
2 166.183 364.122 742.031
3 166.184 341.223 270.812
4 166.185 365.267 171.863
0 167.199 717.099 487.802
1 167.2 599.791 133.965
2 167.202 354.126 741.752
3 167.203 349.35 276.64
4 167.205 371.229 163.834
0 168.214 716.86 477.805
1 168.215 592.598 140.911
2 168.216 344.13 741.474
3 168.216 357.476 282.467
4 168.217 377.191 155.806
0 169.225 716.622 467.808
1 169.226 585.404 147.858
2 169.227 334.134 741.195
3 169.228 365.603 288.295
4 169.228 383.153 147.777
0 170.236 716.384 457.81
1 170.236 578.211 154.804
2 170.237 324.138 740.917
3 170.238 373.729 294.122
4 170.238 389.115 139.749
0 171.246 716.145 447.813
1 171.248 571.017 161.751
2 171.249 314.142 740.638
3 171.25 381.856 299.95
4 171.251 395.077 131.721
0 172.263 715.907 437.816
1 172.264 563.824 168.697
2 172.265 304.146 740.36
3 172.267 389.982 305.778
4 172.268 401.039 123.692
0 173.281 715.669 427.819
1 173.282 556.63 175.644
2 173.284 294.15 740.082
3 173.285 398.109 311.605
4 173.287 407.001 115.664
0 174.299 715.43 417.822
1 174.3 549.437 182.59
2 174.301 284.153 739.803
3 174.302 406.235 317.433
4 174.303 412.963 107.635
0 175.312 715.192 407.825
1 175.313 542.243 189.536
2 175.314 274.157 739.525
3 175.315 414.362 323.26
4 175.315 418.925 99.6071
0 176.326 714.954 397.827
1 176.327 535.049 196.483
2 176.328 264.161 739.246
3 176.329 422.488 329.088
4 176.33 424.887 91.5787
0 177.338 714.715 387.83
1 177.339 527.856 203.429
2 177.339 254.165 738.968
3 177.34 430.615 334.915
4 177.34 430.849 83.5503
0 178.352 714.477 377.833
1 178.353 520.662 210.376
2 178.355 244.169 738.689
3 178.356 438.741 340.743
0 179.366 714.239 367.836
1 179.367 513.469 217.322
2 179.368 234.173 738.411
3 179.368 446.868 346.57
4 179.369 420.994 81.8515
0 180.381 714 357.839
1 180.383 506.275 224.269
2 180.385 224.177 738.133
3 180.386 454.994 352.398
4 180.388 411.139 80.1528
0 181.399 713.762 347.842
1 181.401 499.082 231.215
2 181.402 214.181 737.854
3 181.403 463.121 358.225
4 181.404 401.285 78.454
0 182.413 713.524 337.845
1 182.414 491.888 238.161
2 182.415 204.185 737.576
3 182.415 471.247 364.053
4 182.416 391.43 76.7552
0 183.428 713.285 327.847
1 183.43 484.695 245.108
2 183.431 194.188 737.297
3 183.433 479.374 369.88
4 183.434 381.575 75.0565
0 184.449 713.047 317.85
1 184.45 477.501 252.054
2 184.452 184.192 737.019
3 184.453 487.5 375.708
4 184.455 371.721 73.3577
0 185.465 712.808 307.853
1 185.466 470.308 259.001
2 185.467 174.196 736.741
3 185.468 495.627 381.535
4 185.469 361.866 71.659
0 186.482 712.57 297.856
1 186.484 463.114 265.947
2 186.485 164.2 736.462
3 186.487 503.753 387.363
4 186.488 352.012 69.9602
0 187.497 712.332 287.859
1 187.498 455.92 272.894
2 187.498 154.204 736.184
3 187.499 511.88 393.19
4 187.5 342.157 68.2614
0 188.507 712.093 277.862
1 188.509 448.727 279.84
2 188.51 144.208 735.905
3 188.511 520.006 399.018
4 188.512 332.302 66.5627
0 189.524 711.855 267.864
1 189.526 441.533 286.786
2 189.528 134.212 735.627
3 189.53 528.133 404.846
4 189.532 322.448 64.8639
0 190.543 711.617 257.867
1 190.544 434.34 293.733
2 190.545 124.216 735.348
3 190.546 536.259 410.673
4 190.547 312.593 63.1652
0 191.555 711.378 247.87
1 191.556 427.146 300.679
2 191.556 114.219 735.07
3 191.557 544.386 416.501
4 191.557 302.738 61.4664
0 192.566 711.14 237.873
1 192.567 419.953 307.626
2 192.568 104.223 734.792
3 192.568 552.512 422.328
4 192.57 292.884 59.7676
0 193.58 710.902 227.876
1 193.58 412.759 314.572
2 193.581 94.2272 734.513
3 193.582 560.639 428.156
4 193.582 283.029 58.0689
1 194.591 405.566 321.519
2 194.591 84.231 734.235
3 194.592 568.765 433.983
4 194.592 273.174 56.3701
0 195.6 701.357 224.894
1 195.601 398.372 328.465
2 195.602 74.2349 733.956
3 195.603 576.892 439.811
4 195.603 263.32 54.6714
0 196.611 691.812 221.911
1 196.612 391.179 335.412
2 196.612 64.2388 733.678
3 196.613 585.018 445.638
4 196.614 253.465 52.9726
0 197.621 682.267 218.929
1 197.622 383.985 342.358
2 197.623 54.2427 733.399
3 197.623 593.145 451.466
4 197.624 243.61 51.2738
0 198.632 672.722 215.947
1 198.632 376.792 349.304
2 198.633 44.2465 733.121
3 198.634 601.271 457.293
4 198.634 233.756 49.5751
0 199.642 663.177 212.965
1 199.642 369.598 356.251
2 199.643 34.2504 732.843
3 199.644 609.398 463.121
4 199.644 223.901 47.8763
0 200.652 653.632 209.983
1 200.654 362.404 363.197
2 200.656 24.2543 732.564
3 200.657 617.524 468.948
4 200.658 214.046 46.1776
0 201.666 644.087 207
1 201.666 355.211 370.144
2 201.667 14.2582 732.286
3 201.668 625.651 474.776
4 201.668 204.192 44.4788
0 202.676 634.542 204.018
1 202.676 348.017 377.09
2 202.677 4.26205 732.007
3 202.678 633.777 480.603
4 202.678 194.337 42.78
0 203.686 624.997 201.036
1 203.687 340.824 384.037
3 203.687 641.904 486.431
4 203.688 184.482 41.0813
0 204.697 615.452 198.054
1 204.699 333.63 390.983
2 204.7 4.16519 722.008
3 204.702 650.03 492.259
4 204.703 174.628 39.3825
0 205.711 605.907 195.071
1 205.712 326.437 397.929
2 205.713 4.06833 712.008
3 205.713 658.157 498.086
4 205.714 164.773 37.6838
0 206.722 596.362 192.089
1 206.723 319.243 404.876
2 206.723 3.97147 702.009
3 206.724 666.283 503.914
4 206.724 154.918 35.985
0 207.732 586.817 189.107
1 207.733 312.05 411.822
2 207.734 3.87461 692.009
3 207.734 674.409 509.741
4 207.735 145.064 34.2862
0 208.742 577.272 186.125
1 208.743 304.856 418.769
2 208.744 3.77775 682.01
3 208.744 682.536 515.569
4 208.745 135.209 32.5875
0 209.756 567.727 183.143
1 209.758 297.663 425.715
2 209.759 3.68089 672.01
3 209.761 690.662 521.396
4 209.763 125.354 30.8887
0 210.776 558.182 180.16
1 210.777 290.469 432.662
2 210.779 3.58404 662.011
3 210.781 698.789 527.224
0 211.79 548.637 177.178
1 211.791 283.275 439.608
2 211.791 3.48718 652.011
3 211.792 706.915 533.051
4 211.793 125.069 40.8847
0 212.8 539.092 174.196
1 212.801 276.082 446.554
2 212.802 3.39032 642.012
3 212.802 715.042 538.879
4 212.803 124.784 50.8806
0 213.81 529.547 171.214
1 213.811 268.888 453.501
2 213.812 3.29346 632.012
4 213.813 124.499 60.8765
0 214.82 520.002 168.232
1 214.821 261.695 460.447
2 214.822 3.1966 622.012
3 214.823 705.275 541.025
4 214.823 124.214 70.8725
0 215.831 510.457 165.249
1 215.831 254.501 467.394
2 215.832 3.09974 612.013
3 215.833 695.508 543.17
4 215.833 123.929 80.8684
0 216.844 500.912 162.267
1 216.846 247.308 474.34
2 216.848 3.00288 602.013
3 216.849 685.741 545.316
4 216.85 123.644 90.8643
0 217.859 491.367 159.285
1 217.86 240.114 481.287
2 217.861 2.90603 592.014
3 217.861 675.974 547.462
4 217.862 123.359 100.86
0 218.871 481.822 156.303
1 218.872 232.921 488.233
2 218.873 2.80917 582.014
3 218.874 666.207 549.608
4 218.875 123.073 110.856
0 219.884 472.277 153.321
1 219.886 225.727 495.18
2 219.887 2.71231 572.015
3 219.889 656.44 551.753
4 219.89 122.788 120.852
0 220.899 462.732 150.338
1 220.899 218.534 502.126
2 220.9 2.61545 562.015
3 220.901 646.672 553.899
4 220.901 122.503 130.848
0 221.911 453.188 147.356
1 221.912 211.34 509.072
2 221.913 2.51859 552.016
3 221.914 636.905 556.045
4 221.915 122.218 140.844
0 222.926 443.643 144.374
1 222.927 204.147 516.019
2 222.928 2.42173 542.016
3 222.93 627.138 558.191
4 222.931 121.933 150.84
0 223.94 434.098 141.392
1 223.942 196.953 522.965
2 223.943 2.32488 532.017
3 223.944 617.371 560.336
4 223.945 121.648 160.836
0 224.953 424.553 138.409
1 224.954 189.759 529.912
2 224.955 2.22802 522.017
3 224.955 607.604 562.482
4 224.956 121.363 170.832
0 225.965 415.008 135.427
1 225.967 182.566 536.858
2 225.969 2.13116 512.018
3 225.97 597.837 564.628
4 225.971 121.077 180.828
0 226.979 405.463 132.445
1 226.98 175.372 543.805
2 226.98 2.0343 502.018
3 226.981 588.07 566.774
4 226.982 120.792 190.824
0 227.991 395.918 129.463
1 227.992 168.179 550.751
2 227.993 1.93744 492.019
3 227.995 578.303 568.92
4 227.995 120.507 200.82
0 229.007 386.373 126.481
1 229.009 160.985 557.697
2 229.011 1.84058 482.019
3 229.012 568.536 571.065
4 229.014 120.222 210.816
0 230.026 376.828 123.498
1 230.027 153.792 564.644
2 230.029 1.74372 472.019
3 230.03 558.769 573.211
4 230.031 119.937 220.811
0 231.04 367.283 120.516
1 231.041 146.598 571.59
2 231.042 1.64687 462.02
3 231.042 549.002 575.357
4 231.043 119.652 230.807
0 232.05 357.738 117.534
1 232.051 139.405 578.537
2 232.052 1.55001 452.02
3 232.053 539.235 577.503
4 232.053 119.367 240.803
0 233.063 348.193 114.552
1 233.064 132.211 585.483
2 233.065 1.45315 442.021
3 233.065 529.468 579.648
4 233.066 119.082 250.799
0 234.074 338.648 111.57
1 234.075 125.018 592.43
2 234.075 1.35629 432.021
3 234.076 519.701 581.794
4 234.077 118.796 260.795
0 235.084 329.103 108.587
1 235.085 117.824 599.376
2 235.086 1.25943 422.022
3 235.086 509.933 583.94
4 235.087 118.511 270.791
0 236.096 319.558 105.605
1 236.097 110.63 606.322
2 236.098 1.16257 412.022
3 236.099 500.166 586.086
4 236.1 118.226 280.787
0 237.113 310.013 102.623
2 237.116 1.06571 402.023
3 237.118 490.399 588.231
4 237.119 117.941 290.783
0 238.131 300.468 99.6408
1 238.132 120.522 604.855
2 238.133 0.968856 392.023
3 238.134 480.632 590.377
4 238.135 117.656 300.779
0 239.143 290.923 96.6586
1 239.144 130.414 603.387
2 239.145 0.871997 382.024
3 239.145 470.865 592.523
4 239.146 117.371 310.775
0 240.154 281.378 93.6763
1 240.154 140.306 601.92
2 240.155 0.775139 372.024
3 240.156 461.098 594.669
4 240.156 117.086 320.771
0 241.164 271.833 90.6941
1 241.165 150.197 600.452
2 241.165 0.67828 362.025
3 241.166 451.331 596.815
4 241.166 116.8 330.767
0 242.174 262.288 87.7119
1 242.175 160.089 598.984
2 242.175 0.581422 352.025
3 242.176 441.564 598.96
4 242.177 116.515 340.763
0 243.268 243.198 81.7475
1 243.269 169.981 597.517
2 243.27 0.484563 342.026
3 243.27 431.797 601.106
4 243.271 116.23 350.759
0 244.281 233.653 78.7653
1 244.282 179.873 596.049
2 244.283 0.387705 332.026
3 244.283 422.03 603.252
4 244.284 115.945 360.755
0 245.292 224.108 75.7831
1 245.294 189.764 594.581
2 245.295 0.290846 322.027
3 245.295 412.263 605.398
4 245.296 115.66 370.75
0 246.304 214.563 72.8009
1 246.305 199.656 593.114
2 246.305 0.193988 312.027
3 246.306 402.496 607.543
4 246.307 115.375 380.746
1 247.315 209.548 591.646
2 247.315 0.0971291 302.027
3 247.316 392.729 609.689
4 247.317 115.09 390.742
0 248.324 211.671 82.3735
1 248.325 219.439 590.179
2 248.326 0.000270623 292.028
3 248.326 382.962 611.835
4 248.327 114.805 400.738
0 249.335 208.779 91.946
1 249.336 229.331 588.711
3 249.336 373.194 613.981
4 249.337 114.519 410.734
0 250.344 205.886 101.519
1 250.345 239.223 587.243
2 250.346 8.50836 286.773
3 250.347 363.427 616.126
4 250.347 114.234 420.73
0 251.355 202.994 111.091
1 251.356 249.115 585.776
2 251.356 17.0164 281.518
3 251.357 353.66 618.272
4 251.358 113.949 430.726
0 252.365 200.102 120.664
1 252.366 259.006 584.308
2 252.367 25.5245 276.264
3 252.367 343.893 620.418
4 252.368 113.664 440.722
1 253.376 268.898 582.84
2 253.377 34.0326 271.009
3 253.377 334.126 622.564
4 253.378 113.379 450.718
0 254.386 208.982 125.261
1 254.386 278.79 581.373
2 254.387 42.5407 265.754
3 254.388 324.359 624.71
4 254.388 113.094 460.714
0 255.396 217.863 129.858
1 255.397 288.681 579.905
2 255.398 51.0488 260.499
3 255.398 314.592 626.855
1 256.406 298.573 578.438
3 256.407 304.825 629.001
4 256.408 119.682 453.191
0 257.417 221.312 139.245
1 257.418 308.465 576.97
2 257.419 56.3897 268.954
3 257.42 295.058 631.147
4 257.42 126.271 445.668
0 258.428 224.762 148.631
1 258.429 318.357 575.502
2 258.429 61.7307 277.408
3 258.43 285.291 633.293
4 258.431 132.859 438.146
1 259.439 328.248 574.035
3 259.441 275.524 635.438
4 259.443 139.448 430.623
0 260.452 234.698 147.506
1 260.453 338.14 572.567
2 260.454 61.8402 287.407
3 260.455 265.757 637.584
4 260.456 146.036 423.1
0 261.463 244.635 146.381
1 261.464 348.032 571.099
2 261.465 61.9497 297.407
3 261.466 255.99 639.73
1 262.473 357.923 569.632
3 262.474 246.223 641.876
4 262.475 144.069 413.296
0 263.482 253.966 149.977
1 263.483 367.815 568.164
2 263.483 58.0639 306.621
3 263.484 236.455 644.022
4 263.485 142.102 403.491
0 264.494 263.297 153.573
1 264.495 377.707 566.697
2 264.497 54.1782 315.835
3 264.498 226.688 646.167
4 264.499 140.135 393.687
1 265.508 387.599 565.229
2 265.51 50.2924 325.049
3 265.512 216.921 648.313
0 266.525 272.672 157.053
1 266.527 397.49 563.761
3 266.528 207.154 650.459
4 266.53 130.464 396.233
0 267.542 282.047 160.533
1 267.543 407.382 562.294
2 267.545 55.4784 333.599
3 267.546 197.387 652.605
4 267.547 120.794 398.78
1 268.557 417.274 560.826
2 268.558 60.6645 342.149
3 268.559 187.62 654.75
4 268.559 111.124 401.327
0 269.567 291.073 164.837
1 269.568 427.165 559.358
3 269.569 177.853 656.896
4 269.569 101.453 403.873
0 270.577 300.1 169.14
1 270.578 437.057 557.891
2 270.578 59.5542 352.088
3 270.579 168.086 659.042
4 270.58 91.7831 406.42
1 271.591 446.949 556.423
2 271.592 58.444 362.026
3 271.593 158.319 661.188
4 271.594 82.1128 408.967
0 272.602 294.782 177.609
1 272.603 456.841 554.956
3 272.604 148.552 663.333
4 272.604 72.4425 411.513
0 273.612 289.463 186.077
1 273.613 466.732 553.488
2 273.614 59.0917 372.005
3 273.614 138.785 665.479
4 273.615 62.7722 414.06
1 274.623 476.624 552.02
2 274.624 59.7393 381.984
3 274.626 129.018 667.625
0 275.635 293.166 195.367
1 275.636 486.516 550.553
3 275.636 119.251 669.771
4 275.637 71.8535 409.873
0 276.645 296.869 204.656
1 276.646 496.407 549.085
2 276.646 68.5789 377.308
3 276.647 109.484 671.917
4 276.648 80.9348 405.686
0 277.655 300.573 213.945
1 277.656 506.299 547.617
2 277.657 77.4184 372.632
3 277.657 99.7165 674.062
4 277.658 90.0161 401.499
1 278.665 516.191 546.15
2 278.666 86.2579 367.957
4 278.667 99.0974 397.312
0 279.675 305.8 205.42
1 279.675 526.083 544.682
2 279.676 95.0974 363.281
3 279.677 108.112 668.63
4 279.677 108.179 393.126
0 280.685 311.027 196.895
1 280.686 535.974 543.215
2 280.686 103.937 358.605
3 280.687 116.508 663.198
4 280.688 117.26 388.939
0 281.695 316.255 188.37
1 281.696 545.866 541.747
2 281.696 112.776 353.929
3 281.697 124.904 657.766
4 281.698 126.341 384.752
0 282.705 321.482 179.845
1 282.706 555.758 540.279
2 282.707 121.616 349.253
3 282.707 133.3 652.334
4 282.708 135.423 380.565
1 283.716 565.65 538.812
2 283.716 130.456 344.578
3 283.717 141.696 646.902
4 283.718 144.504 376.378
0 284.725 330.471 184.227
1 284.726 575.541 537.344
2 284.727 139.295 339.902
3 284.727 150.092 641.469
4 284.728 153.585 372.191
0 285.735 339.459 188.609
1 285.736 585.433 535.876
3 285.737 158.488 636.037
0 286.745 348.448 192.992
1 286.746 595.325 534.409
2 286.746 143.53 330.843
4 286.747 158.709 380.779
0 287.755 357.437 197.374
1 287.756 605.216 532.941
2 287.756 147.764 321.783
3 287.757 166.553 630.125
4 287.758 163.832 389.367
0 288.765 366.425 201.756
1 288.766 615.108 531.474
2 288.767 151.999 312.724
3 288.768 174.618 624.212
0 289.775 375.414 206.138
1 289.776 625 530.006
3 289.776 182.683 618.3
4 289.777 170.661 382.061
0 290.786 384.403 210.521
1 290.788 634.892 528.538
2 290.789 161.983 313.278
4 290.79 177.489 374.756
0 291.798 393.391 214.903
1 291.799 644.783 527.071
2 291.8 171.968 313.832
3 291.801 192.657 619.022
4 291.801 184.318 367.45
0 292.809 402.38 219.285
1 292.809 654.675 525.603
3 292.81 202.631 619.743
0 293.817 411.369 223.667
2 293.818 175.374 323.234
3 293.819 212.605 620.465
4 293.819 191.618 374.284
1 294.827 646.292 520.151
2 294.828 178.781 332.636
3 294.828 222.579 621.187
4 294.829 198.919 381.118
0 295.837 420.882 226.75
1 295.838 637.91 514.698
4 295.839 206.219 387.952
0 296.849 430.395 229.832
1 296.851 629.527 509.245
2 296.852 188.78 332.786
3 296.853 231.749 617.198
4 296.854 213.52 394.786
1 297.863 621.144 503.793
2 297.864 198.779 332.936
3 297.865 240.919 613.21
4 297.865 220.82 401.62
0 298.873 439.186 234.597
3 298.874 250.089 609.221
4 298.875 228.121 408.454
0 299.882 447.978 239.362
1 299.883 611.281 505.443
2 299.883 207.893 328.821
4 299.884 235.421 415.288
1 300.892 601.418 507.093
2 300.893 217.007 324.706
3 300.894 260.051 608.344
4 300.895 242.721 422.122
0 301.908 439.124 244.01
1 301.91 591.556 508.744
2 301.911 226.121 320.591
3 301.913 270.012 607.466
4 301.914 250.022 428.956
0 302.926 430.27 248.658
3 302.928 279.974 606.588
0 303.939 421.416 253.307
1 303.94 582.651 504.194
2 303.94 222.515 311.264
3 303.941 289.935 605.711
4 303.941 244.212 437.096
1 304.949 573.746 499.644
2 304.95 218.909 301.937
3 304.951 299.896 604.833
4 304.951 238.402 445.235
0 305.961 412.813 258.405
1 305.963 564.841 495.094
2 305.964 215.302 292.609
4 305.966 232.592 453.374
0 306.974 404.211 263.504
1 306.975 555.936 490.544
3 306.976 300.514 614.814
1 307.987 547.031 485.994
2 307.988 225.247 291.559
3 307.989 301.131 624.795
4 307.99 239.75 446.39
0 308.999 394.213 263.686
2 309 235.192 290.508
3 309.001 301.749 634.776
4 309.001 246.907 439.407
0 310.009 384.214 263.869
1 310.011 543.234 495.245
3 310.012 302.366 644.757
4 310.013 254.065 432.424
0 311.025 374.216 264.051
1 311.027 539.438 504.496
2 311.028 232.376 280.913
3 311.03 302.984 654.737
4 311.031 261.223 425.441
2 312.041 229.56 271.317
4 312.042 268.381 418.458
0 313.053 368.278 272.097
1 313.055 529.878 507.432
2 313.057 226.745 261.722
3 313.058 312.725 652.476
4 313.059 275.539 411.474
0 314.072 362.341 280.144
1 314.074 520.319 510.367
3 314.075 322.465 650.214
0 315.086 356.404 288.19
1 315.087 510.759 513.302
2 315.088 218.288 256.385
3 315.089 332.206 647.952
4 315.09 280.082 402.566
0 316.098 350.466 296.237
2 316.099 209.831 251.048
4 316.1 284.625 393.657
0 317.109 344.529 304.283
1 317.11 514.035 503.854
2 317.111 201.374 245.712
3 317.113 342.166 648.85
4 317.114 289.168 384.749
1 318.122 517.311 494.406
3 318.123 352.125 649.749
0 319.134 343.469 314.227
1 319.136 520.587 484.958
2 319.138 192.288 249.89
3 319.139 362.085 650.647
4 319.141 290.944 394.59
0 320.153 342.408 324.171
1 320.153 523.864 475.51
2 320.154 183.203 254.067
4 320.155 292.721 404.431
3 321.164 371.302 646.767
4 321.166 294.497 414.272
0 322.177 352.366 323.254
1 322.179 514.291 472.618
2 322.18 188.113 262.779
3 322.181 380.518 642.887
4 322.182 296.273 424.113
0 323.192 362.324 322.338
1 323.194 504.718 469.727
2 323.195 193.022 271.491
4 323.197 298.05 433.954
1 324.206 495.145 466.836
3 324.206 389.871 639.347
4 324.207 299.826 443.795
0 325.215 353.082 326.157
2 325.216 191.336 281.348
3 325.216 399.223 635.808
4 325.217 301.602 453.636
0 326.225 343.84 329.976
1 326.225 491.331 476.08
2 326.226 189.649 291.204
3 326.227 408.576 632.268
4 326.227 303.378 463.477
0 327.237 334.598 333.795
1 327.238 487.517 485.324
4 327.239 305.155 473.318
0 328.248 325.356 337.613
2 328.249 182.141 284.599
3 328.249 418.549 633.005
1 329.257 477.974 488.312
2 329.258 174.633 277.994
3 329.259 428.522 633.743
4 329.259 295.791 476.829
0 330.267 324.353 347.563
1 330.268 468.43 491.3
2 330.268 167.125 271.389
4 330.269 286.428 480.34
0 331.277 323.351 357.513
1 331.278 458.887 494.288
2 331.278 159.617 264.783
3 331.279 438.076 636.696
3 332.287 447.63 639.649
4 332.288 277.63 485.094
0 333.298 333.333 358.113
1 333.299 462.611 503.569
2 333.301 152.86 272.155
4 333.302 268.833 489.848
0 334.31 343.315 358.713
1 334.311 466.335 512.849
2 334.311 146.102 279.526
3 334.312 453.661 631.673
4 334.313 260.035 494.602
0 335.322 353.297 359.313
2 335.324 139.344 286.897
3 335.325 459.693 623.696
0 336.336 363.279 359.913
1 336.337 456.528 510.894
3 336.339 465.724 615.72
4 336.34 254.367 502.84
0 337.348 373.261 360.513
1 337.35 446.721 508.938
2 337.351 140.312 276.944
4 337.353 248.698 511.079
0 338.364 383.243 361.113
1 338.366 436.914 506.983
2 338.367 141.279 266.991
3 338.369 474.089 621.199
0 339.381 393.225 361.713
2 339.383 142.247 257.038
3 339.384 482.455 626.678
4 339.386 241.301 517.808
1 340.398 430.124 514.324
2 340.4 143.214 247.085
4 340.401 233.905 524.538
0 341.41 402.948 359.377
1 341.411 423.334 521.665
2 341.411 144.182 237.131
3 341.412 492.396 625.593
4 341.413 226.508 531.267
0 342.424 412.672 357.04
1 342.426 416.543 529.007
3 342.428 502.337 624.509
1 343.438 409.753 536.348
2 343.438 152.64 231.796
4 343.439 235.62 535.387
0 344.447 421.394 361.931
2 344.448 161.098 226.461
3 344.448 512.19 626.218
4 344.449 244.732 539.507
0 345.459 430.116 366.822
1 345.461 400.167 533.502
3 345.462 522.043 627.926
4 345.464 253.844 543.626
1 346.472 390.58 530.656
2 346.473 163.813 216.837
3 346.475 531.896 629.635
4 346.476 262.956 547.746
0 347.484 434.687 375.716
1 347.484 380.994 527.811
2 347.485 166.529 207.213
4 347.486 272.068 551.866
0 348.493 439.258 384.61
2 348.494 169.245 197.589
3 348.495 540.476 624.498
4 348.495 281.18 555.985
1 349.506 377.586 518.409
3 349.507 549.055 619.362
0 350.516 430.356 389.166
1 350.517 374.178 509.008
2 350.518 161.001 191.928
4 350.519 290.341 551.977
0 351.527 421.454 393.721
1 351.527 370.77 499.607
2 351.528 152.758 186.267
3 351.529 559.007 618.38
4 351.529 299.502 547.968
0 352.54 412.551 398.276
2 352.541 144.514 180.606
3 352.541 568.959 617.399
1 353.549 368.308 509.299
4 353.55 309.424 546.715
0 354.558 403.247 394.612
1 354.559 365.845 518.991
2 354.56 154.116 183.399
3 354.56 565.42 626.751
4 354.561 319.345 545.462
0 355.572 393.943 390.947
1 355.573 363.383 528.683
2 355.574 163.718 186.192
3 355.575 561.881 636.104
0 356.584 384.639 387.282
1 356.584 360.921 538.375
2 356.585 173.32 188.985
3 356.586 558.342 645.457
4 356.586 327.011 539.041
2 357.595 182.923 191.778
3 357.596 554.802 654.81
4 357.597 334.678 532.62
0 358.605 375.679 391.723
1 358.606 368.756 532.161
2 358.607 192.525 194.571
3 358.607 551.263 664.163
4 358.608 342.344 526.199
0 359.616 366.719 396.165
1 359.618 376.59 525.947
3 359.619 547.724 673.515
0 360.629 357.76 400.606
1 360.63 384.425 519.733
2 360.63 200.2 200.981
3 360.631 544.185 682.868
4 360.632 340.13 516.448
1 361.639 392.26 513.518
2 361.64 207.876 207.391
4 361.64 337.916 506.696
0 362.648 357.04 410.58
1 362.649 400.095 507.304
3 362.65 553.092 687.413
4 362.65 335.702 496.944
0 363.658 356.321 420.554
2 363.659 216.159 212.993
3 363.66 562 691.959
4 363.66 333.488 487.192
1 364.668 397.293 497.705
2 364.669 224.443 218.594
4 364.669 331.274 477.44
0 365.679 356.184 430.553
1 365.68 394.49 488.106
3 365.681 570.851 696.612
4 365.682 329.059 467.689
0 366.69 356.047 440.552
1 366.691 391.688 478.506
2 366.692 232.494 224.525
3 366.692 579.702 701.266
4 366.693 326.845 457.937
2 367.704 240.546 230.456
4 367.704 324.631 448.185
0 368.712 347.039 436.211
1 368.713 401.466 480.601
3 368.713 573.728 709.285
4 368.714 322.417 438.433
0 369.722 338.03 431.87
1 369.722 411.244 482.696
2 369.723 248.555 236.444
3 369.724 567.753 717.304
0 370.731 329.022 427.529
1 370.732 421.023 484.791
2 370.732 256.564 242.431
4 370.733 332.002 435.581
3 371.741 558.133 714.576
4 371.741 341.586 432.729
0 372.749 338.944 426.282
1 372.75 429.195 479.028
2 372.751 257.172 252.413
3 372.751 548.512 711.847
4 372.752 351.171 429.876
0 373.759 348.866 425.036
1 373.76 437.368 473.266
2 373.761 257.78 262.394
3 373.762 538.892 709.118
4 373.762 360.756 427.024
0 374.77 358.788 423.79
1 374.771 445.541 467.503
4 374.771 370.34 424.172
0 375.779 368.71 422.544
2 375.78 249.014 257.583
3 375.78 531.863 702.005
4 375.781 379.925 421.32
0 376.788 378.632 421.297
1 376.789 450.172 458.64
2 376.79 240.247 252.772
3 376.79 524.834 694.892
1 377.798 454.802 449.777
2 377.799 231.481 247.961
3 377.8 517.805 687.779
4 377.8 389.769 423.081
0 378.808 388.48 423.034
1 378.809 459.433 440.914
2 378.809 222.714 243.149
4 378.81 399.612 424.841
0 379.819 398.328 424.771
1 379.82 464.063 432.05
2 379.82 213.948 238.338
3 379.821 515.537 697.518
4 379.821 409.456 426.602
0 380.829 408.176 426.508
2 380.83 205.181 233.527
3 380.831 513.269 707.258
4 380.831 419.3 428.363
0 381.839 418.024 428.245
1 381.84 472.679 426.974
2 381.842 196.415 228.716
3 381.843 511.001 716.997
4 381.844 429.144 430.123
0 382.853 427.872 429.981
1 382.854 481.295 421.897
2 382.855 187.648 223.905
4 382.855 438.988 431.884
0 383.867 437.72 431.718
1 383.869 489.91 416.821
3 383.871 503.672 710.193
4 383.873 448.831 433.645
0 384.882 447.568 433.455
2 384.883 195.292 217.457
3 384.884 496.344 703.389
4 384.884 458.675 435.405
0 385.892 457.416 435.192
1 385.893 499.288 420.293
2 385.893 202.936 211.01
3 385.894 489.016 696.585
1 386.902 508.666 423.765
2 386.903 210.58 204.562
3 386.903 481.687 689.781
4 386.904 468.543 437.023
0 387.914 467.253 436.992
2 387.916 218.224 198.115
4 387.917 478.412 438.641
0 388.926 477.089 438.793
1 388.927 508.58 413.766
2 388.928 225.868 191.667
3 388.929 473.446 695.445
4 388.929 488.28 440.259
0 389.938 486.926 440.593
1 389.94 508.495 403.766
2 389.941 233.512 185.22
3 389.942 465.205 701.11
4 389.943 498.148 441.877
0 390.953 496.762 442.394
1 390.955 508.409 393.766
2 390.956 241.156 178.773
3 390.958 456.964 706.774
4 390.959 508.016 443.495
0 391.971 506.599 444.194
1 391.973 508.323 383.767
2 391.974 248.8 172.325
1 392.985 508.238 373.767
3 392.986 447.705 702.997
4 392.987 517.845 441.653
0 393.996 516.396 442.191
1 393.997 508.152 363.768
2 393.997 240.954 166.125
3 393.998 438.445 699.221
4 393.999 527.674 439.811
0 395.006 526.193 440.187
1 395.007 508.067 353.768
2 395.008 233.109 159.924
3 395.008 429.186 695.444
0 396.016 535.991 438.184
1 396.017 507.981 343.768
2 396.018 225.263 153.724
4 396.018 534.606 432.603
2 397.026 217.418 147.523
3 397.027 424.264 704.15
4 397.027 541.538 425.395
0 398.035 543.678 444.58
1 398.036 499.946 337.816
2 398.036 209.572 141.323
3 398.037 419.343 712.855
4 398.037 548.47 418.188
0 399.045 551.365 450.976
1 399.046 491.91 331.863
2 399.047 201.726 135.122
4 399.047 555.402 410.98
1 400.056 483.875 325.91
2 400.057 193.881 128.922
3 400.058 410.51 708.168
4 400.058 562.333 403.773
0 401.066 557 442.715
1 401.068 475.84 319.957
2 401.069 186.035 122.721
3 401.071 401.676 703.481
0 402.082 562.636 434.454
1 402.084 467.805 314.005
2 402.085 178.189 116.521
3 402.086 392.842 698.794
4 402.087 571.365 399.48
0 403.097 568.271 426.193
1 403.099 459.77 308.052
4 403.1 580.397 395.188
0 404.111 573.907 417.932
2 404.113 169.878 110.96
3 404.114 385.458 705.537
4 404.115 589.429 390.895
0 405.123 579.542 409.671
1 405.124 468.326 302.876
2 405.124 161.566 105.4
3 405.125 378.073 712.28
1 406.133 476.882 297.7
2 406.134 153.255 99.8395
3 406.134 370.689 719.023
4 406.135 592.805 381.482
0 407.143 588.555 414.003
1 407.144 485.439 292.525
4 407.144 596.182 372.069
0 408.152 597.568 418.335
2 408.153 143.255 99.7504
3 408.154 362.967 712.67
4 408.154 599.558 362.657
0 409.162 606.581 422.667
1 409.163 494.433 296.895
2 409.163 133.256 99.6613
3 409.164 355.245 706.316
0 410.176 615.594 426.999
1 410.176 503.428 301.265
2 410.177 123.256 99.5723
3 410.178 347.523 699.962
4 410.178 589.614 363.71
0 411.189 624.607 431.331
2 411.19 113.256 99.4832
4 411.192 579.669 364.764
1 412.201 508.517 292.657
2 412.202 103.257 99.3942
3 412.203 337.773 702.182
4 412.203 569.725 365.817
0 413.211 633.386 436.119
1 413.211 513.607 284.048
2 413.212 93.2572 99.3051
3 413.213 328.022 704.401
0 414.221 642.165 440.908
2 414.221 83.2576 99.216
3 414.222 318.272 706.621
4 414.223 561.075 370.835
1 415.23 523.46 282.343
2 415.231 73.258 99.127
4 415.232 552.425 375.853
0 416.243 647.548 449.335
1 416.244 533.314 280.638
2 416.246 63.2584 99.0379
3 416.247 308.28 707.023
4 416.248 543.775 380.871
0 417.257 652.932 457.763
3 417.259 298.288 707.425
1 418.27 538.892 288.937
2 418.272 57.9129 107.489
3 418.273 288.296 707.827
4 418.274 540.088 390.166
0 419.282 662.077 453.717
1 419.283 544.471 297.237
2 419.284 52.5675 115.941
4 419.285 536.401 399.462
0 420.292 671.222 449.671
3 420.293 278.56 710.113
4 420.294 532.713 408.757
1 421.302 554.47 297.14
2 421.302 46.2415 123.686
3 421.303 268.825 712.398
4 421.304 529.026 418.052
0 422.311 678.969 455.995
1 422.312 564.47 297.044
2 422.313 39.9156 131.43
3 422.313 259.09 714.683
4 422.314 525.339 427.348
0 423.325 686.715 462.319
4 423.326 521.652 436.643
1 424.334 557.925 304.604
2 424.335 44.981 140.053
3 424.336 249.132 713.765
4 424.336 517.965 445.939
0 425.346 686.836 472.318
1 425.346 551.38 312.165
2 425.347 50.0464 148.675
3 425.348 239.174 712.846
4 425.348 514.277 455.234
0 426.356 686.956 482.317
1 426.357 544.835 319.726
3 426.357 229.216 711.928
4 426.358 510.59 464.529
2 427.369 50.881 158.64
4 427.371 506.903 473.825
0 428.38 685.412 472.437
1 428.381 534.835 319.828
2 428.381 51.7157 168.605
3 428.382 219.555 709.348
4 428.382 503.216 483.12
0 429.39 683.868 462.557
1 429.391 524.836 319.93
3 429.391 209.893 706.768
4 429.392 499.529 492.416
0 430.4 682.324 452.677
1 430.4 514.836 320.032
2 430.401 58.1064 176.296
3 430.402 200.232 704.188
4 430.402 495.841 501.711
0 431.41 680.781 442.797
2 431.411 64.4972 183.988
3 431.412 190.57 701.608
4 431.412 492.154 511.006
0 432.42 679.237 432.917
1 432.421 519.112 310.992
3 432.421 180.909 699.029
4 432.422 488.467 520.302
0 433.43 677.693 423.037
1 433.431 523.387 301.953
2 433.431 63.8749 193.968
3 433.432 171.247 696.449
1 434.44 527.663 292.913
2 434.441 63.2526 203.949
3 434.441 161.586 693.869
4 434.442 496.372 526.427
0 435.451 681.085 413.629
1 435.451 531.939 283.873
3 435.452 151.924 691.289
4 435.453 504.276 532.552
0 436.46 684.477 404.222
1 436.461 536.214 274.833
2 436.462 59.0365 213.017
3 436.462 142.263 688.709
4 436.463 512.181 538.677
1 437.471 540.49 265.793
2 437.472 54.8205 222.085
3 437.472 132.601 686.13
4 437.473 520.086 544.801
0 438.484 676.14 398.701
1 438.485 544.765 256.753
3 438.487 122.94 683.55
4 438.488 527.991 550.926
0 439.497 667.802 393.18
1 439.497 549.041 247.713
2 439.498 53.4632 212.177
3 439.499 113.278 680.97
4 439.499 535.896 557.051
0 440.509 659.464 387.659
1 440.51 553.317 238.674
2 440.511 52.106 202.27
3 440.512 103.617 678.39
4 440.512 543.8 563.176
1 441.52 557.592 229.634
2 441.521 50.7487 192.362
3 441.522 93.9555 675.81
4 441.522 551.705 569.301
0 442.53 653.669 395.808
2 442.532 49.3915 182.455
3 442.534 84.294 673.231
4 442.535 559.61 575.426
0 443.543 647.874 403.958
1 443.544 566.96 233.131
2 443.545 48.0343 172.547
3 443.546 74.6325 670.651
4 443.547 567.515 581.551
1 444.557 576.329 236.629
2 444.559 46.677 162.64
3 444.56 64.971 668.071
4 444.561 575.419 587.676
0 445.57 652.548 395.118
2 445.571 45.3198 152.732
3 445.571 55.3095 665.491
4 445.572 583.324 593.801
0 446.579 657.222 386.277
1 446.58 583.408 229.567
2 446.581 43.9626 142.825
3 446.581 45.648 662.911
0 447.589 661.896 377.437
1 447.59 590.488 222.504
2 447.591 42.6053 132.917
3 447.591 35.9865 660.331
4 447.592 592.373 598.058
0 448.599 666.57 368.596
2 448.6 41.2481 123.01
3 448.602 26.325 657.752
4 448.602 601.421 602.316
0 449.61 671.244 359.756
1 449.611 600.379 223.975
2 449.611 39.8909 113.102
1 450.619 610.27 225.445
2 450.62 38.5336 103.195
3 450.62 28.4771 647.986
4 450.621 598.205 611.785
0 451.629 673.877 350.108
2 451.63 37.1764 93.2875
3 451.631 30.6292 638.22
4 451.632 594.989 621.254
0 452.643 676.51 340.461
1 452.644 605.395 234.176
3 452.646 32.7813 628.455
4 452.647 591.774 630.722
0 453.655 679.142 330.814
1 453.656 600.519 242.907
2 453.657 46.9979 91.4068
1 454.664 595.644 251.638
2 454.665 56.8195 89.526
3 454.666 31.6582 618.518
4 454.666 601.769 630.436
0 455.677 680.066 320.857
2 455.679 66.641 87.6452
3 455.679 30.5351 608.581
4 455.68 611.765 630.15
0 456.688 680.989 310.899
1 456.689 604.636 256.013
2 456.69 76.4625 85.7644
3 456.691 29.4119 598.644
4 456.692 621.761 629.864
0 457.7 681.913 300.942
1 457.701 613.629 260.387
2 457.702 86.2841 83.8836
1 458.709 622.621 264.761
2 458.71 96.1056 82.0029
3 458.712 39.2504 600.434
4 458.713 623.214 619.97
0 459.722 673.843 295.036
2 459.723 105.927 80.1221
3 459.723 49.0889 602.224
4 459.724 624.667 610.076
0 460.736 665.773 289.13
1 460.737 631.985 261.252
2 460.739 115.749 78.2413
3 460.74 58.9274 604.014
4 460.741 626.12 600.182
0 461.75 657.703 283.225
1 461.75 641.349 257.743
2 461.752 125.57 76.3605
3 461.753 68.7659 605.804
0 462.761 649.634 277.319
2 462.762 135.392 74.4797
3 462.763 78.6044 607.594
4 462.763 635.451 603.778
0 463.771 641.564 271.413
1 463.771 644.772 248.347
2 463.772 145.213 72.599
3 463.773 88.4429 609.384
4 463.773 644.782 607.374
1 464.781 648.196 238.951
2 464.781 155.035 70.7182
3 464.782 98.2814 611.174
0 465.79 644.791 261.948
1 465.791 651.619 229.556
2 465.791 164.856 68.8374
3 465.792 108.12 612.964
4 465.793 654.189 603.981
0 466.8 648.017 252.483
2 466.801 174.678 66.9566
3 466.802 117.958 614.754
4 466.803 663.596 600.589
0 467.813 651.244 243.017
1 467.813 655.664 220.41
2 467.814 184.499 65.0759
3 467.815 127.797 616.544
0 468.823 654.471 233.552
1 468.823 659.71 211.265
2 468.826 194.321 63.1951
3 468.827 137.635 618.334
4 468.828 672.958 604.103
0 469.837 657.698 224.087
1 469.837 663.755 202.12
2 469.838 204.143 61.3143
3 469.839 147.474 620.124
4 469.839 682.32 607.618
0 470.847 660.924 214.622
1 470.848 667.8 192.974
2 470.848 213.964 59.4335
3 470.849 157.312 621.914
0 471.859 664.151 205.157
1 471.86 671.845 183.829
2 471.861 223.786 57.5527
3 471.862 167.151 623.704
4 471.863 685.769 598.232
0 472.871 667.378 195.692
2 472.872 233.607 55.672
3 472.872 176.989 625.494
4 472.873 689.219 588.846
0 473.883 670.604 186.227
1 473.884 675.083 174.368
2 473.885 243.429 53.7912
3 473.885 186.828 627.284
4 473.886 692.669 579.46
1 474.894 678.321 164.907
2 474.895 253.25 51.9104
3 474.895 196.666 629.074
0 475.903 662.253 180.727
1 475.903 681.559 155.445
2 475.904 263.072 50.0296
3 475.905 206.505 630.864
4 475.905 682.845 577.589
0 476.914 653.901 175.227
2 476.915 272.893 48.1488
3 476.916 216.343 632.654
4 476.917 673.022 575.718
0 477.929 645.549 169.728
1 477.931 687.129 147.14
2 477.932 282.715 46.2681
3 477.933 226.182 634.444
4 477.935 663.198 573.847
1 478.944 692.698 138.835
2 478.945 292.536 44.3873
3 478.945 236.02 636.234
0 479.956 635.556 170.107
1 479.958 698.268 130.529
2 479.959 302.358 42.5065
3 479.961 245.859 638.024
4 479.962 662.777 583.838
0 480.971 625.563 170.486
1 480.972 703.838 122.224
2 480.973 312.18 40.6257
3 480.973 255.697 639.814
4 480.974 662.356 593.83
0 481.982 615.571 170.865
2 481.983 322.001 38.7449
3 481.984 265.536 641.604
4 481.984 661.935 603.821
1 482.992 707.508 112.922
2 482.993 331.823 36.8642
3 482.995 275.374 643.394
4 482.997 661.514 613.812
0 484.004 618.331 161.253
1 484.005 711.178 103.62
2 484.006 341.644 34.9834
3 484.007 285.213 645.184
4 484.008 661.093 623.803
0 485.017 621.092 151.642
2 485.017 351.466 33.1026
3 485.018 295.051 646.973
0 486.028 623.853 142.031
1 486.029 715.368 94.5397
2 486.03 361.287 31.2218
3 486.03 304.89 648.763
4 486.031 668.354 630.678
1 487.038 719.558 85.4598
2 487.039 371.109 29.341
3 487.04 314.728 650.553
4 487.04 675.616 637.553
0 488.048 633.773 143.295
1 488.049 723.748 76.38
2 488.05 380.93 27.4603
3 488.051 324.567 652.343
4 488.052 682.878 644.428
0 489.062 643.692 144.559
2 489.063 390.752 25.5795
3 489.064 334.405 654.133
4 489.065 690.14 651.303
0 490.072 653.612 145.823
1 490.073 727.076 66.9502
2 490.073 400.573 23.6987
3 490.074 344.244 655.923
4 490.075 697.401 658.179
1 491.085 730.404 57.5204
3 491.086 354.082 657.713
4 491.087 704.663 665.054
0 492.098 658.549 137.127
2 492.099 410.573 23.8086
3 492.099 363.921 659.503
4 492.1 711.925 671.929
0 493.11 663.485 128.43
1 493.112 734.837 48.5562
2 493.114 420.572 23.9184
3 493.115 373.759 661.293
0 494.124 668.422 119.733
1 494.124 739.269 39.592
2 494.125 430.572 24.0283
3 494.126 383.598 663.083
4 494.126 711.956 681.929
