0 9.585 367.929 367.929
1 9.585 367.834 381.975
2 9.586 381.975 367.834
3 9.587 382.147 381.994
4 9.587 374.866 384.999
5 9.588 365.008 374.6
6 9.589 374.6 365.008
7 9.589 384.993 374.626
8 9.59 365.591 378.387
0 10.616 360.858 360.858
1 10.617 360.668 388.95
2 10.617 388.949 360.668
3 10.619 389.294 388.988
4 10.621 374.733 394.998
5 10.621 355.016 374.201
6 10.622 374.201 355.016
7 10.623 394.986 374.252
8 10.623 356.182 381.774
0 11.649 353.787 353.787
1 11.65 353.502 395.925
2 11.651 395.924 353.501
3 11.653 396.441 395.983
4 11.653 374.599 404.997
5 11.654 345.024 373.801
6 11.655 373.801 345.024
7 11.655 404.979 373.878
8 11.656 346.773 385.162
0 12.681 346.716 346.716
1 12.683 346.336 402.9
2 12.684 402.898 346.335
3 12.685 403.588 402.977
4 12.686 374.465 414.996
5 12.686 335.032 373.401
6 12.687 373.401 335.032
7 12.688 414.972 373.504
8 12.688 337.365 388.549
0 13.712 339.645 339.645
1 13.713 339.17 409.874
2 13.714 409.873 339.169
3 13.715 410.735 409.971
4 13.717 374.332 424.996
5 13.717 325.04 373.002
6 13.718 373.002 325.04
7 13.719 424.965 373.13
8 13.719 327.956 391.936
0 14.746 332.574 332.574
1 14.746 332.004 416.849
2 14.748 416.848 332.003
3 14.749 417.883 416.965
4 14.75 374.198 434.995
5 14.75 315.048 372.602
6 14.751 372.602 315.048
7 14.752 434.958 372.756
8 14.752 318.547 395.323
0 15.777 325.503 325.503
1 15.778 324.838 423.824
2 15.78 423.822 324.836
3 15.781 425.03 423.96
4 15.782 374.064 444.994
5 15.782 305.056 372.202
6 15.783 372.202 305.056
7 15.784 444.951 372.382
8 15.784 309.138 398.71
0 16.817 318.431 318.431
1 16.818 317.672 430.799
2 16.819 430.797 317.67
3 16.821 432.177 430.954
4 16.823 373.931 454.993
5 16.823 295.064 371.803
6 16.824 371.803 295.064
7 16.825 454.944 372.007
8 16.825 299.729 402.098
0 17.851 311.36 311.36
1 17.853 310.506 437.774
2 17.854 437.772 310.504
3 17.855 439.324 437.948
4 17.855 373.797 464.992
5 17.856 285.072 371.403
6 17.857 371.403 285.072
7 17.857 464.937 371.633
8 17.858 290.32 405.485
0 18.884 304.289 304.289
1 18.885 303.34 444.749
2 18.886 444.746 303.338
3 18.888 446.471 444.942
4 18.889 373.663 474.991
5 18.89 275.08 371.003
6 18.89 371.003 275.08
7 18.891 474.93 371.259
8 18.892 280.911 408.872
0 19.917 297.218 297.218
1 19.918 296.174 451.724
2 19.919 451.721 296.172
3 19.921 453.618 451.936
4 19.923 373.53 484.99
5 19.924 265.088 370.604
6 19.924 370.604 265.088
7 19.925 484.923 370.885
8 19.926 271.502 412.259
0 20.955 290.147 290.147
1 20.957 289.008 458.699
2 20.958 458.695 289.005
3 20.96 460.765 458.931
4 20.962 373.396 494.989
5 20.964 255.096 370.204
6 20.965 370.204 255.096
7 20.965 494.916 370.511
8 20.966 262.094 415.646
0 21.989 283.076 283.076
1 21.99 281.842 465.673
2 21.991 465.67 281.839
3 21.992 467.912 465.925
4 21.994 373.262 504.988
5 21.995 245.104 369.804
6 21.996 369.804 245.104
7 21.996 504.909 370.137
8 21.997 252.685 419.034
0 23.021 276.005 276.005
1 23.023 274.676 472.648
2 23.024 472.645 274.673
3 23.026 475.059 472.919
4 23.027 373.129 514.987
5 23.029 235.112 369.404
6 23.03 369.404 235.112
7 23.031 514.902 369.763
8 23.032 243.276 422.421
0 24.072 268.934 268.934
1 24.073 267.51 479.623
2 24.073 479.619 267.507
3 24.074 482.206 479.913
4 24.075 372.995 524.987
5 24.075 225.12 369.005
6 24.076 369.005 225.12
7 24.077 524.895 369.389
8 24.077 233.867 425.808
0 25.103 261.863 261.863
1 25.103 260.345 486.598
2 25.104 486.594 260.34
3 25.105 489.354 486.907
4 25.105 372.861 534.986
5 25.106 215.128 368.605
6 25.106 368.605 215.128
7 25.107 534.888 369.015
8 25.108 224.458 429.195
0 26.133 254.792 254.792
1 26.134 253.179 493.573
2 26.135 493.568 253.174
3 26.135 496.501 493.902
4 26.136 372.727 544.985
5 26.136 205.136 368.205
6 26.137 368.205 205.136
7 26.138 544.881 368.641
8 26.138 215.049 432.582
0 27.163 247.721 247.721
1 27.164 246.013 500.548
2 27.165 500.543 246.008
3 27.165 503.648 500.896
4 27.166 372.594 554.984
5 27.167 195.144 367.806
6 27.167 367.806 195.144
7 27.168 554.874 368.267
8 27.169 205.64 435.97
0 28.194 240.65 240.65
1 28.195 238.847 507.523
2 28.195 507.518 238.842
3 28.196 510.795 507.89
4 28.197 372.46 564.983
5 28.197 185.152 367.406
6 28.198 367.406 185.152
7 28.198 564.867 367.893
8 28.199 196.231 439.357
0 29.225 233.579 233.579
1 29.225 231.681 514.498
2 29.226 514.492 231.676
3 29.227 517.942 514.884
4 29.227 372.326 574.982
5 29.228 175.16 367.006
6 29.228 367.006 175.16
7 29.229 574.86 367.519
8 29.23 186.823 442.744
0 30.256 226.508 226.508
1 30.257 224.515 521.472
2 30.258 521.467 224.509
3 30.259 525.089 521.879
4 30.26 372.193 584.981
5 30.261 165.168 366.607
6 30.262 366.607 165.168
7 30.263 584.853 367.145
8 30.264 177.414 446.131
0 31.297 219.437 219.437
1 31.298 217.349 528.447
2 31.299 528.441 217.343
3 31.3 532.236 528.873
4 31.3 372.059 594.98
5 31.301 155.176 366.207
6 31.301 366.207 155.176
7 31.302 594.846 366.77
8 31.303 168.005 449.518
0 32.329 212.365 212.365
1 32.33 210.183 535.422
2 32.331 535.416 210.177
3 32.331 539.383 535.867
4 32.332 371.925 604.979
5 32.332 145.184 365.807
6 32.333 365.807 145.184
7 32.334 604.839 366.396
8 32.334 158.596 452.905
0 33.36 205.294 205.294
1 33.361 203.017 542.397
2 33.361 542.391 203.011
3 33.362 546.53 542.861
4 33.363 371.792 614.979
5 33.363 135.192 365.408
6 33.364 365.408 135.192
7 33.364 614.832 366.022
8 33.365 149.187 456.293
0 34.392 198.223 198.223
1 34.394 195.851 549.372
2 34.395 549.365 195.844
3 34.396 553.677 549.855
4 34.397 371.658 624.978
5 34.398 125.2 365.008
6 34.399 365.008 125.2
7 34.4 624.825 365.648
8 34.401 139.778 459.68
0 35.428 191.152 191.152
1 35.429 188.685 556.347
2 35.43 556.34 188.678
3 35.43 560.824 556.85
4 35.431 371.524 634.977
5 35.431 115.208 364.608
6 35.432 364.608 115.208
7 35.432 634.818 365.274
8 35.433 130.369 463.067
0 36.459 184.081 184.081
1 36.459 181.519 563.322
2 36.46 563.315 181.512
3 36.461 567.972 563.844
4 36.461 371.391 644.976
5 36.462 105.216 364.209
6 36.463 364.209 105.216
7 36.463 644.811 364.9
8 36.464 120.96 466.454
0 37.489 177.01 177.01
1 37.49 174.353 570.297
2 37.491 570.289 174.346
3 37.491 575.119 570.838
4 37.492 371.257 654.975
5 37.492 95.2237 363.809
6 37.493 363.809 95.2237
7 37.494 654.804 364.526
8 37.494 111.552 469.841
0 38.522 169.939 169.939
1 38.523 167.187 577.271
2 38.524 577.264 167.18
3 38.525 582.266 577.832
4 38.526 371.123 664.974
5 38.527 85.2317 363.409
6 38.527 363.409 85.2317
7 38.528 664.797 364.152
8 38.528 102.143 473.229
0 39.554 162.868 162.868
1 39.555 160.021 584.246
2 39.555 584.238 160.013
3 39.556 589.413 584.826
4 39.557 370.99 674.973
5 39.557 75.2397 363.01
6 39.558 363.01 75.2397
7 39.559 674.79 363.778
8 39.559 92.7338 476.616
0 40.584 155.797 155.797
1 40.586 152.855 591.221
2 40.587 591.213 152.847
3 40.588 596.56 591.821
4 40.589 370.856 684.972
5 40.59 65.2477 362.61
6 40.59 362.61 65.2477
7 40.591 684.783 363.404
8 40.592 83.3249 480.003
0 41.618 148.726 148.726
1 41.619 145.689 598.196
2 41.619 598.188 145.681
3 41.62 603.707 598.815
4 41.62 370.722 694.971
5 41.621 55.2557 362.21
6 41.622 362.21 55.2557
7 41.622 694.776 363.03
8 41.623 73.916 483.39
0 42.648 141.655 141.655
1 42.649 138.523 605.171
2 42.65 605.162 138.515
3 42.65 610.854 605.809
4 42.651 370.589 704.971
5 42.651 45.2637 361.811
6 42.652 361.811 45.2637
7 42.653 704.769 362.656
8 42.653 64.5072 486.777
0 43.679 134.584 134.584
1 43.68 131.357 612.146
2 43.68 612.137 131.348
3 43.681 618.001 612.803
4 43.682 370.455 714.97
5 43.682 35.2717 361.411
6 43.683 361.411 35.2717
7 43.683 714.762 362.282
8 43.684 55.0983 490.165
0 44.71 127.513 127.513
1 44.71 124.191 619.121
2 44.711 619.111 124.182
3 44.712 625.148 619.798
4 44.712 370.321 724.969
5 44.713 25.2797 361.011
6 44.713 361.011 25.2797
7 44.714 724.755 361.908
8 44.715 45.6894 493.552
0 45.74 120.442 120.442
1 45.741 117.025 626.096
2 45.742 626.086 117.016
3 45.742 632.295 626.792
4 45.743 370.188 734.968
5 45.744 15.2877 360.612
6 45.744 360.612 15.2877
7 45.745 734.748 361.533
8 45.746 36.2805 496.939
0 46.77 113.37 113.37
1 46.771 109.859 633.07
2 46.772 633.061 109.85
3 46.773 639.442 633.786
4 46.773 370.054 744.967
5 46.774 5.29565 360.212
6 46.774 360.212 5.29565
7 46.775 744.741 361.159
8 46.776 26.8717 500.326
0 47.801 106.299 106.299
1 47.801 102.693 640.045
2 47.802 640.035 102.683
3 47.803 646.59 640.78
5 48.879 -4.69636 359.812
6 48.88 359.812 -4.69636
8 49.892 17.4628 503.713
0 50.915 99.2284 99.2284
1 50.916 95.5272 647.02
2 50.916 647.01 95.5173
3 50.917 653.737 647.774
4 50.918 374.703 736.113
7 52.882 735.941 365.908
8 52.882 8.05391 507.101
0 53.929 92.1573 92.1573
1 53.93 88.3613 653.995
2 53.931 653.985 88.351
3 53.932 660.884 654.769
4 53.933 379.352 727.26
5 53.934 4.20986 355.265
6 53.935 355.28 4.21757
7 53.935 727.14 370.657
8 53.936 -1.35496 510.488
0 54.961 85.0862 85.0862
1 54.962 81.1953 660.97
2 54.962 660.959 81.1848
3 54.963 668.031 661.763
4 54.964 384.001 718.406
5 54.964 13.1161 350.717
6 54.965 350.748 13.1315
7 54.965 718.34 375.406
0 56.842 78.0152 78.0152
1 56.842 74.0293 667.945
2 56.843 667.934 74.0186
3 56.844 675.178 668.757
4 56.844 388.65 709.552
5 56.845 22.0223 346.17
6 56.846 346.215 22.0454
7 56.846 709.539 380.155
8 56.847 8.1395 513.627
0 57.871 70.9441 70.9441
1 57.872 66.8634 674.92
2 57.873 674.908 66.8524
3 57.873 682.325 675.751
4 57.874 393.299 700.699
5 57.874 30.9285 341.622
6 57.875 341.683 30.9594
7 57.876 700.739 384.904
8 57.876 17.634 516.766
0 58.902 63.873 63.873
1 58.904 59.6974 681.895
2 58.904 681.883 59.6861
3 58.905 689.472 682.745
4 58.906 397.948 691.845
5 58.906 39.8347 337.075
6 58.907 337.151 39.8733
7 58.908 691.938 389.652
8 58.908 27.1284 519.906
0 59.937 56.8019 56.8019
1 59.938 52.5314 688.869
2 59.938 688.858 52.5199
3 59.939 696.619 689.74
4 59.94 402.597 682.991
5 59.94 48.741 332.527
6 59.941 332.618 48.7872
7 59.942 683.138 394.401
8 59.942 36.6229 523.045
0 60.968 49.7309 49.7309
1 60.97 45.3654 695.844
2 60.97 695.832 45.3537
3 60.971 703.766 696.734
4 60.972 407.246 674.138
5 60.973 57.6472 327.98
6 60.975 328.086 57.7012
7 60.976 674.337 399.15
8 60.977 46.1174 526.184
0 62 42.6598 42.6598
1 62.001 38.1995 702.819
2 62.001 702.807 38.1875
3 62.002 710.913 703.728
4 62.003 411.895 665.284
5 62.003 66.5534 323.433
6 62.004 323.554 66.6151
7 62.004 665.537 403.899
8 62.005 55.6118 529.324
0 63.03 35.5887 35.5887
1 63.031 31.0335 709.794
2 63.032 709.781 31.0213
3 63.032 718.061 710.722
4 63.033 416.543 656.43
5 63.034 75.4596 318.885
6 63.034 319.021 75.5291
7 63.035 656.736 408.648
8 63.035 65.1063 532.463
0 64.06 28.5177 28.5177
1 64.061 23.8675 716.769
2 64.061 716.756 23.855
3 64.062 725.208 717.717
4 64.062 421.192 647.577
5 64.063 84.3658 314.338
6 64.064 314.489 84.443
7 64.064 647.936 413.397
8 64.065 74.6007 535.602
0 65.089 21.4466 21.4466
1 65.09 16.7016 723.744
2 65.091 723.731 16.6888
3 65.091 732.355 724.711
4 65.092 425.841 638.723
5 65.092 93.2721 309.79
6 65.093 309.957 93.3569
7 65.094 639.135 418.145
8 65.094 84.0952 538.741
0 66.119 14.3755 14.3755
1 66.121 9.53561 730.719
2 66.122 730.705 9.52258
3 66.124 739.502 731.705
4 66.126 430.49 629.869
5 66.126 102.178 305.243
6 66.127 305.425 102.271
7 66.128 630.335 422.894
8 66.128 93.5897 541.881
0 67.155 7.30447 7.30447
1 67.157 2.36964 737.694
2 67.159 737.68 2.35636
3 67.16 746.649 738.699
4 67.161 435.139 621.016
5 67.162 111.085 300.695
6 67.162 300.892 111.185
7 67.163 621.534 427.643
8 67.164 103.084 545.02
0 68.193 0.233406 0.233406
4 70.942 439.788 612.162
5 70.942 119.991 296.148
6 70.943 296.36 120.099
7 70.944 612.734 432.392
8 70.944 112.579 548.159
1 72.672 2.33592 727.694
2 72.673 727.68 2.32268
3 72.674 746.655 728.699
4 72.674 444.437 603.308
5 72.675 128.897 291.601
6 72.676 291.828 129.013
7 72.676 603.933 437.141
8 72.677 122.073 551.299
0 73.699 9.3125 4.42508
1 73.7 2.30219 717.694
2 73.701 717.68 2.289
3 73.701 746.66 718.699
4 73.702 449.086 594.455
5 73.703 137.803 287.053
6 73.703 287.295 137.927
7 73.704 595.133 441.89
8 73.704 131.568 554.438
0 74.728 18.3916 8.61675
1 74.729 2.26847 707.694
2 74.73 707.68 2.25533
3 74.73 746.666 708.699
4 74.731 453.735 585.601
5 74.731 146.709 282.506
6 74.732 282.763 146.841
7 74.733 586.332 446.639
8 74.733 141.062 557.577
0 75.757 27.4707 12.8084
1 75.758 2.23475 697.694
2 75.759 697.68 2.22165
3 75.76 746.672 698.699
4 75.76 458.384 576.747
5 75.761 155.616 277.958
6 75.761 278.231 155.754
7 75.762 577.532 451.387
8 75.763 150.556 560.716
0 76.786 36.5498 17.0001
1 76.787 2.20103 687.694
2 76.788 687.68 2.18797
3 76.788 746.678 688.699
4 76.789 463.033 567.894
5 76.79 164.522 273.411
6 76.79 273.698 164.668
7 76.791 568.731 456.136
8 76.792 160.051 563.856
0 77.815 45.6289 21.1918
1 77.816 2.16731 677.694
2 77.817 677.68 2.15429
3 77.818 746.684 678.699
4 77.818 467.682 559.04
5 77.819 173.428 268.863
6 77.819 269.166 173.582
7 77.82 559.931 460.885
8 77.82 169.545 566.995
0 78.845 54.7079 25.3834
1 78.846 2.13358 667.694
2 78.847 667.68 2.12062
3 78.847 746.689 668.699
4 78.848 472.331 550.187
5 78.849 182.334 264.316
6 78.851 264.634 182.496
7 78.851 551.13 465.634
8 78.852 179.04 570.134
0 79.879 63.787 29.5751
1 79.88 2.09986 657.694
2 79.881 657.68 2.08694
3 79.881 746.695 658.699
4 79.882 476.98 541.333
5 79.883 191.24 259.768
6 79.883 260.102 191.41
7 79.884 542.33 470.383
8 79.884 188.534 573.274
0 80.908 72.8661 33.7668
1 80.909 2.06614 647.694
2 80.909 647.68 2.05326
3 80.91 746.701 648.699
4 80.911 481.629 532.479
5 80.913 200.147 255.221
6 80.913 255.569 200.324
7 80.914 533.529 475.132
8 80.915 198.029 576.413
0 81.939 81.9452 37.9585
1 81.94 2.03242 637.694
2 81.941 637.68 2.01958
3 81.941 746.707 638.699
4 81.942 486.278 523.626
5 81.943 209.053 250.674
6 81.943 251.037 209.238
7 81.944 524.729 479.88
8 81.945 207.523 579.552
0 82.969 91.0243 42.1501
1 82.97 1.9987 627.694
2 82.97 627.681 1.98591
3 82.971 746.712 628.699
4 82.971 490.927 514.772
5 82.972 217.959 246.126
6 82.973 246.505 218.152
7 82.973 515.928 484.629
8 82.974 217.018 582.692
0 84.012 100.103 46.3418
1 84.013 1.96497 617.694
2 84.013 617.681 1.95223
3 84.014 746.718 618.699
4 84.015 495.576 505.918
5 84.015 226.865 241.579
6 84.016 241.972 227.066
7 84.016 507.128 489.378
8 84.017 226.512 585.831
0 85.04 109.182 50.5335
1 85.041 1.93125 607.694
2 85.042 607.681 1.91855
3 85.042 746.724 608.699
4 85.043 500.225 497.065
5 85.044 235.772 237.031
6 85.044 237.44 235.98
7 85.045 498.327 494.127
8 85.045 236.007 588.97
0 86.069 118.262 54.7252
1 86.07 1.89753 597.694
2 86.071 597.681 1.88487
3 86.071 746.73 598.699
4 86.072 504.874 488.211
5 86.072 244.678 232.484
6 86.073 232.908 244.894
7 86.074 489.527 498.876
8 86.074 245.501 592.109
0 87.098 127.341 58.9168
1 87.099 1.86381 587.694
2 87.099 587.681 1.8512
3 87.1 746.735 588.699
4 87.101 509.523 479.357
5 87.101 253.584 227.936
6 87.102 228.375 253.808
7 87.103 480.726 503.625
8 87.103 254.996 595.249
0 88.127 136.42 63.1085
1 88.128 1.83009 577.694
2 88.128 577.681 1.81752
3 88.129 746.741 578.699
4 88.13 514.171 470.504
5 88.13 262.49 223.389
6 88.131 223.843 262.722
7 88.131 471.926 508.373
8 88.132 264.49 598.388
0 89.159 145.499 67.3002
1 89.159 1.79636 567.695
2 89.16 567.681 1.78384
3 89.161 746.747 568.699
4 89.163 518.82 461.65
5 89.165 271.396 218.841
6 89.165 219.311 271.636
7 89.166 463.126 513.122
8 89.167 273.984 601.527
0 90.189 154.578 71.4918
1 90.19 1.76264 557.695
2 90.191 557.681 1.75016
3 90.191 746.753 558.699
4 90.192 523.469 452.796
5 90.193 280.303 214.294
6 90.193 214.779 280.55
7 90.194 454.325 517.871
8 90.194 283.479 604.667
0 91.224 163.657 75.6835
1 91.226 1.72892 547.695
2 91.227 547.681 1.71649
3 91.228 746.758 548.699
4 91.229 528.118 443.943
5 91.231 289.209 209.747
6 91.233 210.246 289.464
7 91.235 445.525 522.62
8 91.236 292.973 607.806
0 92.258 172.736 79.8752
1 92.259 1.6952 537.695
2 92.26 537.681 1.68281
3 92.26 746.764 538.699
4 92.261 532.767 435.089
5 92.262 298.115 205.199
6 92.262 205.714 298.377
7 92.263 436.724 527.369
8 92.263 302.468 610.945
0 93.287 181.815 84.0669
1 93.288 1.66148 527.695
2 93.289 527.681 1.64913
3 93.289 746.77 528.699
4 93.29 537.416 426.235
5 93.29 307.021 200.652
6 93.291 201.182 307.291
7 93.292 427.924 532.118
8 93.292 311.962 614.084
0 94.317 190.894 88.2585
1 94.318 1.62775 517.695
2 94.319 517.681 1.61545
3 94.32 746.776 518.699
4 94.32 542.065 417.382
5 94.321 315.928 196.104
6 94.322 196.649 316.205
7 94.323 419.123 536.866
8 94.323 321.457 617.224
0 95.351 199.973 92.4502
1 95.351 1.59403 507.695
2 95.352 507.681 1.58178
3 95.353 746.782 508.699
4 95.353 546.714 408.528
5 95.354 324.834 191.557
6 95.355 192.117 325.119
7 95.355 410.323 541.615
8 95.356 330.951 620.363
0 96.379 209.052 96.6419
1 96.38 1.56031 497.695
2 96.381 497.681 1.5481
3 96.382 746.787 498.699
4 96.382 551.363 399.674
5 96.383 333.74 187.009
6 96.383 187.585 334.033
7 96.384 401.522 546.364
8 96.385 340.446 623.502
0 97.41 218.132 100.834
1 97.41 1.52659 487.695
2 97.411 487.681 1.51442
3 97.412 746.793 488.699
4 97.412 556.012 390.821
5 97.413 342.646 182.462
6 97.413 183.052 342.947
7 97.414 392.722 551.113
8 97.415 349.94 626.642
0 98.439 227.211 105.025
1 98.44 1.49287 477.695
2 98.44 477.681 1.48074
3 98.441 746.799 478.699
4 98.441 560.661 381.967
5 98.442 351.552 177.914
6 98.443 178.52 351.861
7 98.443 383.921 555.862
8 98.444 359.435 629.781
0 99.469 236.29 109.217
1 99.47 1.45914 467.695
2 99.47 467.681 1.44707
3 99.471 746.805 468.699
4 99.471 565.31 373.113
5 99.472 360.459 173.367
6 99.473 173.988 360.775
7 99.473 375.121 560.611
8 99.474 368.929 632.92
0 100.498 245.369 113.409
1 100.499 1.42542 457.695
2 100.499 457.681 1.41339
3 100.5 746.81 458.699
4 100.5 569.959 364.26
5 100.501 369.365 168.82
6 100.502 169.456 369.689
7 100.502 366.32 565.359
8 100.503 378.424 636.06
0 101.527 254.448 117.6
1 101.527 1.3917 447.695
2 101.528 447.682 1.37971
3 101.529 746.816 448.699
4 101.529 574.608 355.406
5 101.53 378.271 164.272
6 101.531 164.923 378.603
7 101.531 357.52 570.108
8 101.532 387.918 639.199
0 102.559 263.527 121.792
1 102.561 1.35798 437.695
2 102.563 437.682 1.34603
3 102.565 746.822 438.699
4 102.566 579.257 346.552
5 102.568 387.177 159.725
6 102.57 160.391 387.517
7 102.571 348.719 574.857
8 102.573 397.412 642.338
0 103.617 272.606 125.984
1 103.618 1.32426 427.695
2 103.619 427.682 1.31236
3 103.621 746.828 428.699
4 103.621 583.906 337.699
5 103.622 396.084 155.177
6 103.623 155.859 396.431
7 103.623 339.919 579.606
8 103.624 406.907 645.477
0 104.651 281.685 130.175
1 104.653 1.29053 417.695
2 104.654 417.682 1.27868
3 104.655 746.833 418.699
4 104.656 588.555 328.845
5 104.657 404.99 150.63
6 104.658 151.326 405.345
7 104.659 331.118 584.355
8 104.66 416.401 648.617
0 105.697 290.764 134.367
1 105.699 1.25681 407.695
2 105.7 407.682 1.245
3 105.702 746.839 408.699
4 105.703 593.204 319.991
5 105.704 413.896 146.082
6 105.705 146.794 414.259
7 105.706 322.318 589.104
8 105.708 425.896 651.756
0 106.748 299.843 138.559
1 106.749 1.22309 397.695
2 106.75 397.682 1.21132
3 106.751 746.845 398.699
4 106.752 597.853 311.138
5 106.753 422.802 141.535
6 106.754 142.262 423.173
7 106.755 313.517 593.853
8 106.756 435.39 654.895
0 107.787 308.922 142.75
1 107.788 1.18937 387.696
2 107.789 387.682 1.17765
3 107.789 746.851 388.699
4 107.79 602.502 302.284
5 107.791 431.708 136.987
6 107.791 137.729 432.086
7 107.792 304.717 598.601
8 107.792 444.885 658.035
0 108.816 318.002 146.942
1 108.817 1.15565 377.696
2 108.818 377.682 1.14397
3 108.818 746.857 378.699
4 108.819 607.151 293.43
5 108.819 440.615 132.44
6 108.82 133.197 441
7 108.821 295.916 603.35
8 108.821 454.379 661.174
0 109.845 327.081 151.134
1 109.846 1.12192 367.696
2 109.846 367.682 1.11029
3 109.847 746.862 368.699
4 109.847 611.8 284.577
5 109.848 449.521 127.893
6 109.849 128.665 449.914
7 109.849 287.116 608.099
8 109.85 463.874 664.313
0 110.874 336.16 155.325
1 110.875 1.0882 357.696
2 110.875 357.682 1.07661
3 110.876 746.868 358.699
4 110.876 616.448 275.723
5 110.877 458.427 123.345
6 110.878 124.132 458.828
7 110.878 278.315 612.848
8 110.879 473.368 667.452
0 111.902 345.239 159.517
1 111.903 1.05448 347.696
2 111.904 347.682 1.04294
3 111.905 746.874 348.699
4 111.905 621.097 266.87
5 111.906 467.333 118.798
6 111.906 119.6 467.742
7 111.907 269.515 617.597
8 111.908 482.863 670.592
0 112.934 354.318 163.709
1 112.935 1.02076 337.696
2 112.936 337.682 1.00926
3 112.936 746.88 338.699
4 112.937 625.746 258.016
5 112.938 476.24 114.25
6 112.938 115.068 476.656
7 112.939 260.714 622.346
8 112.939 492.357 673.731
0 113.963 363.397 167.9
1 113.964 0.987035 327.696
2 113.964 327.682 0.975582
3 113.965 746.885 328.699
4 113.966 630.395 249.162
5 113.966 485.146 109.703
6 113.967 110.536 485.57
7 113.967 251.914 627.094
8 113.968 501.852 676.87
0 114.992 372.476 172.092
1 114.992 0.953313 317.696
2 114.993 317.682 0.941904
3 114.994 746.891 318.699
4 114.994 635.044 240.309
5 114.995 494.052 105.155
6 114.996 106.003 494.484
7 114.996 243.113 631.843
8 114.997 511.346 680.01
0 116.02 381.555 176.284
1 116.021 0.919591 307.696
2 116.022 307.682 0.908227
3 116.022 746.897 308.699
4 116.023 639.693 231.455
5 116.024 502.958 100.608
6 116.024 101.471 503.398
7 116.025 234.313 636.592
8 116.026 520.841 683.149
0 117.053 390.634 180.475
1 117.054 0.885869 297.696
2 117.055 297.682 0.874549
3 117.056 746.903 298.699
4 117.057 644.342 222.601
5 117.058 511.864 96.0605
6 117.059 96.9387 512.312
7 117.06 225.512 641.341
8 117.061 530.335 686.288
0 118.09 399.713 184.667
1 118.091 0.852147 287.696
2 118.093 287.682 0.840872
3 118.094 746.908 288.699
4 118.095 648.991 213.748
5 118.096 520.771 91.513
6 118.097 92.4064 521.226
7 118.098 216.712 646.09
8 118.098 539.829 689.428
0 119.123 408.792 188.859
1 119.123 0.818425 277.696
2 119.124 277.683 0.807195
3 119.125 746.914 278.699
4 119.125 653.64 204.894
5 119.126 529.677 86.9656
6 119.127 87.8741 530.14
7 119.127 207.911 650.839
8 119.128 549.324 692.567
0 120.153 417.872 193.05
1 120.155 0.784703 267.696
2 120.156 267.683 0.773517
3 120.158 746.92 268.699
4 120.158 658.289 196.04
5 120.159 538.583 82.4181
6 120.16 83.3418 539.054
7 120.161 199.111 655.587
8 120.162 558.818 695.706
0 121.189 426.951 197.242
1 121.191 0.750981 257.696
2 121.193 257.683 0.73984
3 121.194 746.926 258.699
4 121.194 662.938 187.187
5 121.195 547.489 77.8707
6 121.196 78.8095 547.968
7 121.196 190.31 660.336
8 121.197 568.313 698.845
0 122.221 436.03 201.434
1 122.222 0.717259 247.696
2 122.222 247.683 0.706162
3 122.223 746.932 248.699
4 122.224 667.587 178.333
5 122.224 556.396 73.3233
6 122.225 74.2772 556.882
7 122.225 181.51 665.085
8 122.226 577.807 701.985
0 123.25 445.109 205.625
1 123.25 0.683537 237.696
2 123.251 237.683 0.672485
3 123.252 746.937 238.699
4 123.252 672.236 169.479
5 123.253 565.302 68.7758
6 123.253 69.7449 565.796
7 123.254 172.71 669.834
8 123.255 587.302 705.124
0 124.279 454.188 209.817
1 124.279 0.649815 227.696
2 124.28 227.683 0.638807
3 124.281 746.943 228.699
4 124.281 676.885 160.626
5 124.282 574.208 64.2284
6 124.282 65.2126 574.709
7 124.283 163.909 674.583
8 124.284 596.796 708.263
0 125.307 463.267 214.009
1 125.308 0.616093 217.697
2 125.309 217.683 0.60513
3 125.31 746.949 218.699
4 125.31 681.534 151.772
5 125.311 583.114 59.6809
6 125.312 60.6803 583.623
7 125.313 155.109 679.332
8 125.313 606.291 711.403
0 126.34 472.346 218.2
1 126.341 0.582371 207.697
2 126.342 207.683 0.571452
3 126.343 746.955 208.699
4 126.343 686.183 142.918
5 126.344 592.02 55.1335
6 126.345 56.148 592.537
7 126.345 146.308 684.08
8 126.346 615.785 714.542
0 127.37 481.425 222.392
1 127.371 0.548649 197.697
2 127.371 197.683 0.537775
3 127.372 746.96 198.699
4 127.372 690.832 134.065
5 127.373 600.927 50.586
6 127.374 51.6157 601.451
7 127.374 137.508 688.829
8 127.375 625.28 717.681
0 128.399 490.504 226.584
1 128.399 0.514927 187.697
2 128.4 187.683 0.504097
3 128.402 746.966 188.699
4 128.404 695.481 125.211
5 128.405 609.833 46.0386
6 128.405 47.0834 610.365
7 128.406 128.707 693.578
8 128.407 634.774 720.82
0 129.431 499.583 230.775
1 129.432 0.481205 177.697
2 129.433 177.683 0.47042
3 129.433 746.972 178.699
4 129.434 700.13 116.357
5 129.434 618.739 41.4912
6 129.435 42.5511 619.279
7 129.436 119.907 698.327
8 129.436 644.269 723.96
0 130.46 508.662 234.967
1 130.461 0.447483 167.697
2 130.462 167.683 0.436742
3 130.462 746.978 168.699
4 130.463 704.779 107.504
5 130.463 627.645 36.9437
6 130.464 38.0188 628.193
7 130.465 111.106 703.076
8 130.465 653.763 727.099
0 131.488 517.742 239.159
1 131.489 0.413761 157.697
2 131.49 157.683 0.403065
3 131.491 746.983 158.699
4 131.491 709.428 98.65
5 131.492 636.552 32.3963
6 131.492 33.4865 637.107
7 131.493 102.306 707.825
8 131.494 663.257 730.238
0 132.518 526.821 243.35
1 132.519 0.380039 147.697
2 132.52 147.683 0.369387
3 132.52 746.989 148.699
4 132.521 714.077 89.7964
5 132.521 645.458 27.8488
6 132.522 28.9542 646.021
7 132.523 93.5052 712.573
8 132.523 672.752 733.378
0 133.547 535.9 247.542
1 133.548 0.346317 137.697
2 133.549 137.683 0.33571
3 133.549 746.995 138.699
4 133.55 718.725 80.9427
5 133.55 654.364 23.3014
6 133.551 24.4219 654.935
7 133.552 84.7047 717.322
8 133.552 682.246 736.517
0 134.581 544.979 251.734
1 134.583 0.312595 127.697
2 134.584 127.683 0.302033
3 134.586 747.001 128.699
4 134.588 723.374 72.0891
5 134.589 663.27 18.7539
6 134.591 19.8896 663.849
7 134.592 75.9042 722.071
8 134.594 691.741 739.656
0 135.633 554.058 255.925
1 135.634 0.278873 117.697
2 135.634 117.683 0.268355
4 136.221 728.023 63.2354
5 136.221 672.176 14.2065
6 136.222 15.3573 672.763
7 136.223 67.1037 726.82
8 136.223 701.235 742.796
0 137.247 563.137 260.117
1 137.248 0.245151 107.697
2 137.249 107.683 0.234678
3 137.249 737.131 127.093
4 137.25 732.672 54.3818
5 137.251 681.083 9.65906
6 137.251 10.825 681.677
7 137.252 58.3032 731.569
8 137.252 710.73 745.935
0 138.28 572.216 264.309
1 138.281 0.211429 97.6972
2 138.282 97.6835 0.201
3 138.282 727.26 125.487
4 138.283 737.321 45.5281
5 138.283 689.989 5.11162
6 138.284 6.29267 690.591
7 138.285 49.5027 736.318
8 138.285 720.224 749.074
0 139.309 581.295 268.5
1 139.31 0.177707 87.6972
2 139.311 87.6836 0.167323
3 139.312 717.39 123.881
4 139.312 741.97 36.6744
5 139.313 698.895 0.564173
6 139.313 1.76037 699.505
7 139.314 40.7023 741.067
0 140.847 590.374 272.692
1 140.848 0.143985 77.6973
2 140.849 77.6837 0.133645
3 140.849 707.52 122.275
4 140.85 746.619 27.8208
7 141.891 31.9018 745.815
8 141.892 710.224 749.042
0 142.914 599.453 276.884
1 142.914 0.110263 67.6974
2 142.915 67.6837 0.0999678
3 142.916 697.65 120.669
5 143.384 699.223 10.5588
6 143.384 11.7516 699.922
7 143.385 23.1013 750.564
8 143.385 700.224 749.009
0 144.408 608.532 281.075
1 144.409 0.0765407 57.6974
2 144.41 57.6838 0.0662903
3 144.41 687.78 119.063
4 144.411 739.71 35.0499
5 144.412 699.551 20.5534
6 144.412 21.7429 700.34
8 144.816 690.224 748.977
0 145.837 617.612 285.267
1 145.838 0.0428187 47.6975
2 145.839 47.6838 0.0326128
3 145.839 677.909 117.457
4 145.84 732.8 42.279
5 145.841 699.879 30.548
6 145.841 31.7342 700.757
7 145.842 23.2771 740.566
8 145.842 680.224 748.944
0 146.866 626.691 289.459
1 146.866 0.00909668 37.6975
2 146.867 37.6839 -0.00106462
3 146.868 668.039 115.851
4 146.868 725.891 49.5081
5 146.869 700.207 40.5426
6 146.87 41.7255 701.175
7 146.87 23.453 730.567
8 146.871 670.225 748.912
0 147.897 635.77 293.651
3 148.621 658.169 114.245
4 148.621 718.982 56.7372
5 148.622 700.535 50.5373
6 148.623 51.7168 701.592
7 148.623 23.6288 720.569
8 148.624 660.225 748.879
0 149.647 644.849 297.842
1 149.648 7.09957 44.7491
2 149.649 44.7999 7.02471
3 149.65 648.299 112.639
4 149.65 712.072 63.9664
5 149.651 700.863 60.5319
6 149.651 61.708 702.01
7 149.652 23.8047 710.57
8 149.653 650.225 748.847
0 150.676 653.928 302.034
1 150.678 14.19 51.8008
2 150.679 51.916 14.0505
3 150.681 638.429 111.033
4 150.682 705.163 71.1955
5 150.682 701.192 70.5265
6 150.683 71.6993 702.427
7 150.684 23.9805 700.572
8 150.684 640.225 748.815
0 151.707 663.007 306.226
1 151.708 21.2805 58.8524
2 151.709 59.0321 21.0763
3 151.71 628.559 109.427
4 151.711 698.253 78.4246
5 151.712 701.52 80.5211
6 151.713 81.6906 702.845
7 151.713 24.1563 690.573
8 151.714 630.225 748.782
0 152.742 672.086 310.417
1 152.742 28.371 65.904
2 152.743 66.1482 28.102
3 152.744 618.688 107.82
4 152.744 691.344 85.6537
5 152.745 701.848 90.5157
6 152.746 91.6819 703.262
7 152.746 24.3322 680.575
8 152.747 620.225 748.75
0 153.769 681.165 314.609
1 153.77 35.4615 72.9556
2 153.771 73.2642 35.1278
3 153.772 608.818 106.214
4 153.772 684.435 92.8828
5 153.773 702.176 100.51
6 153.774 101.673 703.68
7 153.774 24.508 670.577
8 153.775 610.225 748.717
0 154.8 690.244 318.801
1 154.801 42.5519 80.0072
2 154.801 80.3803 42.1536
3 154.802 598.948 104.608
4 154.803 677.525 100.112
5 154.803 702.504 110.505
6 154.804 111.664 704.097
7 154.805 24.6839 660.578
8 154.805 600.225 748.685
0 155.832 699.323 322.992
1 155.833 49.6424 87.0588
2 155.834 87.4964 49.1794
3 155.836 589.078 103.002
4 155.837 670.616 107.341
5 155.838 702.832 120.5
6 155.839 121.656 704.515
7 155.841 24.8597 650.58
8 155.842 590.225 748.652
0 156.877 708.402 327.184
1 156.878 56.7329 94.1104
2 156.879 94.6124 56.2052
3 156.88 579.208 101.396
4 156.88 663.706 114.57
5 156.881 703.16 130.494
6 156.881 131.647 704.932
7 156.882 25.0356 640.581
8 156.883 580.225 748.62
0 157.906 717.482 331.376
1 157.907 63.8233 101.162
2 157.908 101.729 63.2309
3 157.909 569.337 99.7901
4 157.91 656.797 121.799
5 157.912 703.488 140.489
6 157.913 141.638 705.35
7 157.914 25.2114 630.583
8 157.914 570.225 748.587
1 159.152 70.9138 108.214
2 159.153 108.845 70.2567
3 159.153 559.467 98.1841
4 159.154 649.887 129.028
5 159.155 703.816 150.483
6 159.155 151.63 705.767
7 159.156 25.3872 620.584
8 159.156 560.225 748.555
0 160.179 707.482 331.45
1 160.18 78.0043 115.265
2 160.181 115.961 77.2825
3 160.181 549.597 96.578
4 160.182 642.978 136.258
5 160.183 704.144 160.478
6 160.183 161.621 706.185
7 160.184 25.5631 610.586
8 160.184 550.225 748.523
0 161.207 697.482 331.524
1 161.207 85.0948 122.317
2 161.208 123.077 84.3083
3 161.209 539.727 94.972
4 161.209 636.069 143.487
5 161.21 704.472 170.473
6 161.211 171.612 706.602
7 161.213 25.7389 600.587
8 161.214 540.225 748.49
0 162.248 687.482 331.599
1 162.248 92.1852 129.368
2 162.249 130.193 91.334
3 162.25 529.857 93.3659
4 162.25 629.159 150.716
5 162.251 704.8 180.467
6 162.251 181.603 707.02
7 162.252 25.9148 590.589
8 162.253 530.225 748.458
0 163.275 677.483 331.673
1 163.276 99.2757 136.42
2 163.277 137.309 98.3598
3 163.277 519.986 91.7598
4 163.278 622.25 157.945
5 163.279 705.128 190.462
6 163.279 191.595 707.438
7 163.28 26.0906 580.59
8 163.28 520.225 748.425
0 164.303 667.483 331.748
1 164.304 106.366 143.472
2 164.305 144.425 105.386
3 164.305 510.116 90.1538
4 164.306 615.34 165.174
5 164.307 705.456 200.457
6 164.307 201.586 707.855
7 164.308 26.2665 570.592
8 164.309 510.225 748.393
0 165.332 657.483 331.822
1 165.333 113.457 150.523
2 165.333 151.541 112.411
3 165.334 500.246 88.5477
4 165.335 608.431 172.403
5 165.335 705.784 210.451
6 165.336 211.577 708.273
7 165.336 26.4423 560.594
8 165.337 500.225 748.36
0 166.36 647.483 331.896
1 166.361 120.547 157.575
2 166.361 158.657 119.437
3 166.362 490.376 86.9416
4 166.362 601.522 179.632
5 166.363 706.112 220.446
6 166.364 221.569 708.69
7 166.364 26.6181 550.595
8 166.365 490.225 748.328
0 167.388 637.484 331.971
1 167.388 127.638 164.627
2 167.389 165.773 126.463
3 167.39 480.506 85.3356
4 167.39 594.612 186.861
5 167.391 706.441 230.44
6 167.391 231.56 709.108
7 167.392 26.794 540.597
8 167.393 480.226 748.295
0 168.415 627.484 332.045
1 168.416 134.728 171.678
2 168.417 172.889 133.489
3 168.417 470.636 83.7295
4 168.418 587.703 194.09
5 168.419 706.769 240.435
6 168.419 241.551 709.525
7 168.42 26.9698 530.598
8 168.42 470.226 748.263
0 169.444 617.484 332.12
1 169.444 141.819 178.73
2 169.445 180.005 140.514
3 169.446 460.765 82.1234
4 169.446 580.793 201.32
5 169.447 707.097 250.43
6 169.447 251.542 709.943
7 169.448 27.1457 520.6
8 169.449 460.226 748.231
0 170.472 607.485 332.194
1 170.473 148.909 185.781
2 170.474 187.121 147.54
3 170.475 450.895 80.5174
4 170.475 573.884 208.549
5 170.476 707.425 260.424
6 170.477 261.534 710.36
7 170.477 27.3215 510.601
8 170.478 450.226 748.198
0 171.502 597.485 332.268
1 171.503 155.999 192.833
2 171.503 194.237 154.566
3 171.504 441.025 78.9113
4 171.505 566.975 215.778
5 171.505 707.753 270.419
6 171.506 271.525 710.778
7 171.507 27.4973 500.603
8 171.507 440.226 748.166
0 172.532 587.485 332.343
1 172.533 163.09 199.885
2 172.534 201.353 161.592
3 172.535 431.155 77.3053
4 172.535 560.065 223.007
5 172.536 708.081 280.413
6 172.553 281.516 711.195
7 172.554 27.6732 490.604
8 172.555 430.226 748.133
0 173.576 577.485 332.417
1 173.577 170.18 206.936
2 173.577 208.47 168.618
3 173.578 421.285 75.6992
4 173.579 553.156 230.236
5 173.579 708.409 290.408
6 173.58 291.507 711.613
7 173.58 27.849 480.606
8 173.581 420.226 748.101
0 174.604 567.486 332.492
1 174.605 177.271 213.988
2 174.606 215.586 175.643
3 174.607 411.414 74.0931
4 174.608 546.246 237.465
5 174.609 708.737 300.403
6 174.61 301.499 712.03
7 174.611 28.0249 470.607
8 174.612 410.226 748.068
0 175.636 557.486 332.566
1 175.638 184.361 221.039
2 175.639 222.702 182.669
3 175.64 401.544 72.4871
4 175.64 539.337 244.694
5 175.641 709.065 310.397
6 175.642 311.49 712.448
7 175.642 28.2007 460.609
8 175.643 400.226 748.036
0 176.666 547.486 332.641
1 176.667 191.452 228.091
2 176.668 229.818 189.695
3 176.668 391.674 70.881
4 176.669 532.428 251.923
5 176.669 709.393 320.392
6 176.67 321.481 712.865
7 176.671 28.3766 450.611
8 176.671 390.226 748.003
0 177.694 537.487 332.715
1 177.695 198.542 235.143
2 177.696 236.934 196.721
3 177.697 381.804 69.2749
4 177.698 525.518 259.152
5 177.699 709.721 330.387
6 177.7 331.473 713.283
7 177.701 28.5524 440.612
8 177.701 380.226 747.971
0 178.727 527.487 332.789
1 178.728 205.633 242.194
2 178.729 244.05 203.746
3 178.731 371.934 67.6689
4 178.732 518.609 266.382
5 178.733 710.049 340.381
6 178.734 341.464 713.7
7 178.736 28.7282 430.614
8 178.737 370.226 747.938
0 179.773 517.487 332.864
1 179.774 212.723 249.246
2 179.775 251.166 210.772
3 179.775 362.064 66.0628
4 179.776 511.699 273.611
5 179.776 710.377 350.376
6 179.777 351.455 714.118
7 179.778 28.9041 420.615
8 179.778 360.226 747.906
0 180.801 507.487 332.938
1 180.802 219.814 256.297
2 180.802 258.282 217.798
3 180.803 352.193 64.4568
4 180.804 504.79 280.84
5 180.804 710.705 360.37
6 180.805 361.446 714.535
7 180.805 29.0799 410.617
8 180.806 350.226 747.874
0 181.829 497.488 333.013
1 181.83 226.904 263.349
2 181.831 265.398 224.824
3 181.832 342.323 62.8507
4 181.833 497.881 288.069
5 181.834 711.033 370.365
6 181.834 371.438 714.953
7 181.835 29.2558 400.618
8 181.836 340.226 747.841
0 182.86 487.488 333.087
1 182.861 233.995 270.401
2 182.862 272.514 231.85
3 182.863 332.453 61.2446
4 182.864 490.971 295.298
5 182.864 711.362 380.36
6 182.865 381.429 715.371
7 182.865 29.4316 390.62
8 182.866 330.226 747.809
0 183.889 477.488 333.161
1 183.89 241.085 277.452
2 183.89 279.63 238.875
3 183.891 322.583 59.6386
4 183.892 484.062 302.527
5 183.892 711.69 390.354
6 183.893 391.42 715.788
7 183.894 29.6075 380.621
8 183.894 320.226 747.776
0 184.917 467.488 333.236
1 184.919 248.176 284.504
2 184.92 286.746 245.901
3 184.922 312.713 58.0325
4 184.923 477.152 309.756
5 184.924 712.018 400.349
6 184.925 401.412 716.206
7 184.926 29.7833 370.623
8 184.927 310.226 747.744
0 185.95 457.489 333.31
1 185.951 255.266 291.556
2 185.952 293.862 252.927
3 185.956 302.842 56.4264
4 185.957 470.243 316.985
5 185.958 712.346 410.343
6 185.958 411.403 716.623
7 185.959 29.9591 360.624
8 185.96 300.226 747.711
0 186.984 447.489 333.385
1 186.986 262.357 298.607
2 186.988 300.978 259.953
3 186.989 292.972 54.8204
4 186.99 463.333 324.214
5 186.991 712.674 420.338
6 186.992 421.394 717.041
7 186.993 30.135 350.626
8 186.994 290.227 747.679
0 188.028 437.489 333.459
1 188.028 269.447 305.659
2 188.029 308.095 266.978
3 188.03 283.102 53.2143
4 188.03 456.424 331.444
5 188.031 713.002 430.333
6 188.031 431.385 717.458
7 188.032 30.3108 340.628
8 188.033 280.227 747.646
0 189.059 427.49 333.533
1 189.061 276.537 312.71
2 189.063 315.211 274.004
3 189.064 273.232 51.6082
4 189.065 449.515 338.673
5 189.067 713.33 440.327
6 189.068 441.377 717.876
7 189.069 30.4867 330.629
8 189.07 270.227 747.614
0 190.102 417.49 333.608
1 190.103 283.628 319.762
2 190.104 322.327 281.03
3 190.104 263.362 50.0022
4 190.105 442.605 345.902
5 190.105 713.658 450.322
6 190.106 451.368 718.293
7 190.106 30.6625 320.631
8 190.107 260.227 747.582
0 191.13 407.49 333.682
1 191.131 290.718 326.814
2 191.131 329.443 288.056
3 191.132 253.491 48.3961
4 191.133 435.696 353.131
5 191.133 713.986 460.317
6 191.134 461.359 718.711
7 191.134 30.8384 310.632
8 191.135 250.227 747.549
0 192.158 397.49 333.757
1 192.159 297.809 333.865
2 192.159 336.559 295.082
3 192.16 243.621 46.7901
4 192.16 428.786 360.36
5 192.161 714.314 470.311
6 192.162 471.351 719.128
7 192.162 31.0142 300.634
8 192.163 240.227 747.517
0 193.186 387.491 333.831
1 193.186 304.899 340.917
2 193.187 343.675 302.107
3 193.188 233.751 45.184
4 193.188 421.877 367.589
5 193.189 714.642 480.306
6 193.189 481.342 719.546
7 193.19 31.19 290.635
8 193.19 230.227 747.484
0 194.213 377.491 333.905
1 194.214 311.99 347.968
2 194.214 350.791 309.133
3 194.215 223.881 43.5779
4 194.216 414.968 374.818
5 194.216 714.97 490.3
6 194.217 491.333 719.963
7 194.217 31.3659 280.637
8 194.218 220.227 747.452
0 195.241 367.491 333.98
1 195.242 319.08 355.02
2 195.243 357.907 316.159
3 195.244 214.011 41.9719
4 195.244 408.058 382.047
5 195.245 715.298 500.295
6 195.245 501.324 720.381
7 195.246 31.5417 270.638
8 195.247 210.227 747.419
0 196.269 357.491 334.054
1 196.27 326.171 362.072
2 196.271 365.023 323.185
3 196.272 204.141 40.3658
4 196.272 401.149 389.276
5 196.273 715.626 510.29
6 196.274 511.316 720.798
7 196.275 31.7176 260.64
8 196.275 200.227 747.387
0 197.298 347.492 334.129
1 197.299 333.261 369.123
2 197.3 372.139 330.21
3 197.3 194.27 38.7597
4 197.301 394.239 396.506
5 197.302 715.954 520.284
6 197.302 521.307 721.216
7 197.303 31.8934 250.641
8 197.303 190.227 747.354
0 198.327 337.492 334.203
1 198.328 340.352 376.175
2 198.329 379.255 337.236
3 198.329 184.4 37.1537
4 198.33 387.33 403.735
5 198.331 716.282 530.279
6 198.331 531.298 721.633
7 198.332 32.0693 240.643
8 198.332 180.227 747.322
0 199.366 327.492 334.277
1 199.366 347.442 383.226
2 199.367 386.371 344.262
3 199.368 174.53 35.5476
4 199.368 380.421 410.964
5 199.369 716.611 540.274
6 199.369 541.289 722.051
7 199.37 32.2451 230.645
8 199.371 170.227 747.29
0 200.394 317.493 334.352
1 200.395 354.533 390.278
2 200.397 393.487 351.288
3 200.398 164.66 33.9415
4 200.399 373.511 418.193
5 200.399 716.939 550.268
6 200.4 551.281 722.468
7 200.4 32.4209 220.646
8 200.401 160.227 747.257
0 201.423 307.493 334.426
1 201.424 361.623 397.33
2 201.425 400.603 358.314
3 201.426 154.79 32.3355
4 201.427 366.602 425.422
5 201.427 717.267 560.263
6 201.428 561.272 722.886
7 201.429 32.5968 210.648
8 201.429 150.227 747.225
0 202.454 297.493 334.501
1 202.455 368.714 404.381
2 202.455 407.72 365.339
3 202.456 144.919 30.7294
4 202.457 359.692 432.651
5 202.462 717.595 570.257
7 202.661 32.7726 200.649
8 202.662 140.227 747.192
0 203.683 287.493 334.575
1 203.683 375.804 411.433
2 203.684 414.836 372.365
3 203.685 135.049 29.1234
4 203.685 352.783 439.88
5 203.686 717.923 580.252
6 203.687 560.524 712.914
7 203.687 32.9485 190.651
8 203.688 130.227 747.16
0 204.715 277.494 334.65
1 204.716 382.895 418.485
2 204.718 421.952 379.391
3 204.719 125.179 27.5173
4 204.721 345.874 447.109
5 204.722 718.251 590.247
6 204.724 559.776 702.942
7 204.725 33.1243 180.652
8 204.726 120.227 747.127
0 205.755 267.494 334.724
1 205.756 389.985 425.536
2 205.756 429.068 386.417
4 205.993 338.964 454.339
5 205.993 718.579 600.241
6 205.994 559.028 692.97
7 205.995 33.3002 170.654
8 205.995 110.227 747.095
0 207.021 257.494 334.798
1 207.022 397.075 432.588
2 207.023 436.184 393.442
3 207.024 134.249 31.7279
4 207.024 332.055 461.568
5 207.025 718.907 610.236
6 207.026 558.28 682.998
7 207.026 33.476 160.655
8 207.027 100.228 747.062
0 208.05 247.495 334.873
1 208.051 404.166 439.639
2 208.051 443.3 400.468
3 208.052 143.32 35.9384
4 208.052 325.145 468.797
5 208.054 719.235 620.23
6 208.054 557.532 673.026
7 208.055 33.6518 150.657
8 208.056 90.2276 747.03
0 209.079 237.495 334.947
1 209.079 411.256 446.691
2 209.08 450.416 407.494
3 209.081 152.39 40.149
4 209.081 318.236 476.026
5 209.082 719.563 630.225
6 209.082 556.784 663.054
7 209.083 33.8277 140.658
8 209.084 80.2276 746.997
0 210.106 227.495 335.022
1 210.107 418.347 453.743
2 210.108 457.532 414.52
3 210.132 161.46 44.3595
4 210.133 311.327 483.255
5 210.134 719.891 640.22
6 210.134 556.036 653.082
7 210.135 34.0035 130.66
0 211.358 217.495 335.096
1 211.359 425.437 460.794
2 211.359 464.648 421.546
3 211.36 170.531 48.5701
4 211.361 304.417 490.484
5 211.361 720.219 650.214
6 211.362 555.288 643.11
7 211.363 34.1794 120.662
8 211.363 79.8826 737.003
0 212.386 207.496 335.17
1 212.387 432.528 467.846
2 212.388 471.764 428.571
3 212.389 179.601 52.7807
4 212.389 297.508 497.713
5 212.39 720.547 660.209
6 212.391 554.54 633.138
7 212.391 34.3552 110.663
8 212.392 79.5377 727.009
0 213.416 197.496 335.245
1 213.417 439.618 474.897
2 213.417 478.88 435.597
3 213.418 188.671 56.9912
4 213.419 290.598 504.942
5 213.419 720.875 670.204
6 213.42 553.792 623.166
7 213.421 34.531 100.665
8 213.421 79.1927 717.015
0 214.446 187.496 335.319
1 214.447 446.709 481.949
2 214.448 485.996 442.623
3 214.449 197.742 61.2018
4 214.449 283.689 512.171
6 214.605 553.044 613.194
7 214.606 34.7069 90.6662
8 214.607 78.8478 707.021
0 215.628 177.496 335.394
1 215.628 453.799 489.001
2 215.629 493.112 449.649
3 215.63 206.812 65.4123
4 215.63 276.779 519.401
5 215.631 716.731 661.103
6 215.632 552.296 603.222
7 215.632 34.8827 80.6678
8 215.633 78.5028 697.027
0 216.656 167.497 335.468
1 216.657 460.89 496.052
2 216.657 500.228 456.674
3 216.658 215.883 69.6229
4 216.658 269.87 526.63
5 216.659 712.587 652.002
6 216.659 551.548 593.25
7 216.66 35.0586 70.6693
8 216.661 78.1578 687.033
0 217.683 157.497 335.542
1 217.684 467.98 503.104
2 217.685 507.345 463.7
3 217.685 224.953 73.8334
4 217.686 262.961 533.859
5 217.687 708.443 642.901
6 217.687 550.8 583.278
8 217.832 77.8129 677.039
0 218.853 147.497 335.617
1 218.854 475.071 510.155
2 218.855 514.461 470.726
3 218.855 234.023 78.044
4 218.856 256.051 541.088
5 218.856 704.299 633.8
6 218.857 550.052 573.306
7 218.858 39.5455 79.6062
8 218.858 77.4679 667.045
0 219.881 137.498 335.691
1 219.881 482.161 517.207
2 219.882 521.577 477.752
3 219.883 243.094 82.2546
4 219.883 249.142 548.317
5 219.884 700.155 624.699
6 219.884 549.304 563.334
7 219.886 44.0325 88.543
8 219.887 77.123 657.051
0 220.915 127.498 335.766
1 220.916 489.252 524.259
2 220.917 528.693 484.778
3 220.917 252.164 86.4651
4 220.918 242.232 555.546
5 220.918 696.011 615.598
6 220.919 548.556 553.362
7 220.92 48.5194 97.4799
8 220.92 76.778 647.057
0 221.943 117.498 335.84
1 221.943 496.342 531.31
2 221.944 535.809 491.803
3 221.945 261.234 90.6757
4 221.945 235.323 562.775
5 221.946 691.867 606.497
6 221.947 547.808 543.39
7 221.947 53.0064 106.417
8 221.948 76.433 637.063
0 222.971 107.498 335.914
1 222.972 503.433 538.362
2 222.972 542.925 498.829
3 222.973 270.305 94.8862
4 222.973 228.414 570.004
5 222.974 687.723 597.396
6 222.975 547.06 533.418
7 222.975 57.4934 115.354
8 222.976 76.0881 627.069
0 224.002 97.4987 335.989
1 224.003 510.523 545.414
2 224.003 550.041 505.855
3 224.004 279.375 99.0968
4 224.005 221.504 577.233
5 224.005 683.579 588.295
6 224.006 546.312 523.446
7 224.006 61.9803 124.29
8 224.007 75.7431 617.075
1 225.113 517.614 552.465
2 225.113 557.157 512.881
3 225.114 288.445 103.307
4 225.115 214.595 584.463
5 225.115 679.435 579.194
6 225.116 545.564 513.474
7 225.116 66.4673 133.227
8 225.117 75.3982 607.081
0 226.14 105.724 341.676
1 226.14 524.704 559.517
2 226.141 564.273 519.906
3 226.142 297.516 107.518
4 226.142 207.685 591.692
5 226.143 675.291 570.093
6 226.144 544.816 503.502
7 226.144 70.9542 142.164
8 226.145 75.0532 597.087
0 227.167 113.95 347.362
1 227.168 531.794 566.568
2 227.169 571.389 526.932
3 227.169 306.586 111.728
4 227.17 200.776 598.921
5 227.171 671.147 560.992
6 227.171 544.069 493.53
7 227.172 75.4412 151.101
8 227.172 74.7082 587.093
0 228.195 122.176 353.049
1 228.196 538.885 573.62
2 228.197 578.505 533.958
3 228.198 315.656 115.939
4 228.199 193.867 606.15
5 228.2 667.003 551.891
6 228.201 543.321 483.558
7 228.201 79.9281 160.038
8 228.202 74.3633 577.099
0 229.228 130.401 358.735
1 229.23 545.975 580.672
2 229.231 585.621 540.984
3 229.232 324.727 120.15
4 229.233 186.957 613.379
5 229.234 662.859 542.79
6 229.235 542.573 473.586
7 229.236 84.4151 168.975
8 229.237 74.0183 567.105
0 230.261 138.627 364.422
1 230.262 553.066 587.723
2 230.262 592.737 548.01
3 230.263 333.797 124.36
4 230.264 180.048 620.608
5 230.264 658.715 533.689
6 230.265 541.825 463.614
7 230.265 88.9021 177.911
8 230.266 73.6734 557.111
0 231.289 146.853 370.109
1 231.293 560.156 594.775
2 231.293 599.853 555.035
3 231.294 342.867 128.571
4 231.295 173.138 627.837
5 231.295 654.571 524.588
6 231.296 541.077 453.642
7 231.296 93.389 186.848
8 231.297 73.3284 547.117
0 232.323 155.078 375.795
1 232.324 567.247 601.826
2 232.324 606.969 562.061
3 232.325 351.938 132.781
4 232.326 166.229 635.066
5 232.326 650.427 515.487
6 232.327 540.329 443.67
7 232.328 97.876 195.785
8 232.328 72.9834 537.122
0 233.353 163.304 381.482
1 233.354 574.337 608.878
2 233.355 614.086 569.087
3 233.355 361.008 136.992
4 233.356 159.32 642.295
5 233.356 646.283 506.387
6 233.357 539.581 433.698
7 233.358 102.363 204.722
8 233.358 72.6385 527.128
0 234.381 171.53 387.169
1 234.382 581.428 615.93
2 234.382 621.202 576.113
3 234.383 370.078 141.202
4 234.384 152.41 649.525
5 234.384 642.139 497.286
6 234.385 538.833 423.726
7 234.385 106.85 213.659
8 234.386 72.2935 517.134
0 235.409 179.756 392.855
1 235.41 588.518 622.981
2 235.41 628.318 583.138
3 235.411 379.149 145.413
5 235.495 637.995 488.185
6 235.495 538.085 413.754
7 235.496 111.337 222.596
8 235.497 71.9486 507.14
0 236.519 187.981 398.542
1 236.52 595.609 630.033
2 236.52 635.434 590.164
3 236.521 388.219 149.624
4 236.522 162.316 650.895
5 236.522 633.851 479.084
6 236.523 537.337 403.782
7 236.523 115.824 231.533
8 236.524 71.6036 497.146
0 237.546 196.207 404.229
1 237.548 602.699 637.084
2 237.55 642.55 597.19
3 237.552 397.289 153.834
4 237.553 172.222 652.264
5 237.554 629.707 469.983
6 237.555 536.589 393.81
7 237.555 120.311 240.469
8 237.556 71.2586 487.152
0 238.579 204.433 409.915
1 238.579 609.79 644.136
2 238.58 649.666 604.216
3 238.581 406.36 158.045
4 238.581 182.127 653.634
5 238.582 625.563 460.882
6 238.583 535.841 383.838
7 238.584 124.798 249.406
8 238.585 70.9137 477.158
0 239.609 212.658 415.602
1 239.61 616.88 651.188
2 239.611 656.782 611.242
3 239.611 415.43 162.255
4 239.612 192.033 655.004
5 239.613 621.419 451.781
6 239.613 535.093 373.866
7 239.614 129.285 258.343
8 239.615 70.5687 467.164
0 240.639 220.884 421.289
1 240.64 623.971 658.239
2 240.642 663.898 618.267
3 240.643 424.501 166.466
4 240.644 201.939 656.374
5 240.644 617.275 442.68
6 240.645 534.345 363.894
7 240.645 133.772 267.28
8 240.646 70.2238 457.17
0 241.669 229.11 426.975
1 241.67 631.061 665.291
2 241.671 671.014 625.293
3 241.671 433.571 170.676
4 241.672 211.844 657.744
5 241.673 613.131 433.579
6 241.674 533.597 353.922
7 241.674 138.259 276.217
8 241.675 69.8788 447.176
0 242.701 237.335 432.662
1 242.702 638.152 672.343
2 242.703 678.13 632.319
3 242.703 442.641 174.887
4 242.704 221.75 659.114
5 242.704 608.987 424.478
6 242.705 532.849 343.95
7 242.706 142.746 285.154
8 242.706 69.5338 437.182
0 243.729 245.561 438.349
1 243.729 645.242 679.394
2 243.73 685.246 639.345
3 243.731 451.712 179.097
4 243.731 231.656 660.484
5 243.732 604.843 415.377
6 243.732 532.101 333.979
7 243.733 147.232 294.09
8 243.734 69.1889 427.188
0 244.759 253.787 444.035
1 244.761 652.332 686.446
2 244.762 692.362 646.37
3 244.763 460.782 183.308
4 244.764 241.562 661.854
5 244.765 600.699 406.276
6 244.767 531.353 324.007
7 244.768 151.719 303.027
8 244.769 68.8439 417.194
0 245.801 262.012 449.722
1 245.801 659.423 693.497
3 245.881 469.852 187.519
4 245.881 251.467 663.224
5 245.882 596.555 397.175
6 245.882 530.605 314.035
7 245.883 156.206 311.964
8 245.884 68.499 407.2
0 246.908 270.238 455.409
1 246.909 666.513 700.549
2 246.909 692.055 636.375
3 246.91 478.923 191.729
4 246.911 261.373 664.594
5 246.911 592.411 388.074
6 246.912 529.857 304.063
7 246.912 160.693 320.901
8 246.913 68.154 397.206
0 247.935 278.464 461.095
1 247.936 673.604 707.601
2 247.937 691.747 626.38
3 247.937 487.993 195.94
4 247.969 271.279 665.964
5 247.97 588.267 378.973
6 247.97 529.109 294.091
7 247.971 165.18 329.838
8 247.972 67.809 387.212
0 248.994 286.689 466.782
2 249.085 691.44 616.385
3 249.086 497.063 200.15
4 249.086 281.184 667.334
5 249.087 584.123 369.872
6 249.087 528.361 284.119
7 249.088 169.667 338.775
8 249.089 67.4641 377.218
0 250.111 294.915 472.469
1 250.112 664.128 704.406
2 250.113 691.132 606.389
3 250.113 506.134 204.361
4 250.114 291.09 668.704
5 250.114 579.979 360.771
6 250.115 527.613 274.147
7 250.116 174.154 347.712
8 250.116 67.1191 367.224
0 251.138 303.141 478.155
1 251.139 654.652 701.212
2 251.14 690.825 596.394
3 251.141 515.204 208.571
4 251.141 300.996 670.074
5 251.142 575.835 351.671
6 251.143 526.865 264.175
7 251.143 178.641 356.648
8 251.144 66.7742 357.23
0 252.166 311.367 483.842
1 252.167 645.176 698.018
2 252.167 690.517 586.399
3 252.168 524.274 212.782
4 252.168 310.902 671.444
5 252.169 571.691 342.57
6 252.17 526.117 254.203
7 252.17 183.128 365.585
8 252.171 66.4292 347.236
0 253.197 319.592 489.529
1 253.198 635.699 694.824
2 253.198 690.21 576.404
3 253.199 533.345 216.992
4 253.2 320.807 672.814
5 253.2 567.547 333.469
6 253.201 525.369 244.231
7 253.201 187.615 374.522
8 253.202 66.0842 337.242
0 254.224 327.818 495.215
1 254.225 626.223 691.629
2 254.229 689.903 566.408
3 254.23 542.415 221.203
4 254.231 330.713 674.184
5 254.232 563.403 324.368
6 254.234 524.621 234.259
7 254.235 192.102 383.459
8 254.236 65.7393 327.247
0 255.257 336.044 500.902
1 255.258 616.747 688.435
2 255.259 689.595 556.413
3 255.26 551.485 225.414
4 255.262 340.619 675.554
5 255.264 559.259 315.267
6 255.264 523.873 224.287
7 255.265 196.589 392.396
8 255.266 65.3943 317.253
0 256.288 344.269 506.589
1 256.288 607.271 685.241
2 256.289 689.288 546.418
3 256.29 560.556 229.624
4 256.29 350.525 676.924
5 256.291 555.115 306.166
6 256.291 523.125 214.315
7 256.292 201.076 401.333
8 256.293 65.0494 307.259
0 257.318 352.495 512.275
1 257.319 597.795 682.046
2 257.32 688.98 536.422
3 257.32 569.626 233.835
4 257.321 360.43 678.293
5 257.322 550.971 297.065
6 257.322 522.377 204.343
7 257.323 205.563 410.269
8 257.323 64.7044 297.265
0 258.346 360.721 517.962
1 258.346 588.319 678.852
2 258.347 688.673 526.427
3 258.348 578.696 238.045
4 258.348 370.336 679.663
5 258.349 546.827 287.964
6 258.349 521.629 194.371
7 258.35 210.05 419.206
8 258.351 64.3594 287.271
0 259.373 368.946 523.649
1 259.374 578.843 675.658
2 259.374 688.365 516.432
3 259.375 587.767 242.256
4 259.376 380.242 681.033
5 259.376 542.683 278.863
6 259.377 520.881 184.399
7 259.377 214.537 428.143
8 259.378 64.0145 277.277
0 260.4 377.172 529.335
1 260.401 569.367 672.464
2 260.402 688.058 506.437
3 260.402 596.837 246.466
4 260.403 390.147 682.403
5 260.404 538.539 269.762
6 260.404 520.133 174.427
7 260.405 219.024 437.08
8 260.405 63.6695 267.283
0 261.428 385.398 535.022
1 261.429 559.891 669.269
2 261.43 687.75 496.441
3 261.43 605.907 250.677
4 261.431 400.053 683.773
5 261.431 534.395 260.661
6 261.432 519.385 164.455
7 261.433 223.511 446.017
8 261.433 63.3246 257.289
0 262.455 393.623 540.709
1 262.456 550.414 666.075
2 262.457 687.443 486.446
3 262.458 614.978 254.888
4 262.458 409.959 685.143
5 262.459 530.251 251.56
6 262.461 518.637 154.483
7 262.462 227.998 454.954
8 262.463 62.9796 247.295
0 263.486 401.849 546.395
1 263.487 540.938 662.881
2 263.488 687.135 476.451
3 263.488 624.048 259.098
4 263.489 419.865 686.513
5 263.493 526.107 242.459
6 263.493 517.889 144.511
7 263.494 232.485 463.891
8 263.494 62.6346 237.301
0 264.516 410.075 552.082
1 264.517 531.462 659.687
2 264.518 686.828 466.456
3 264.518 633.118 263.309
4 264.519 429.77 687.883
5 264.52 521.963 233.358
6 264.52 517.141 134.539
7 264.521 236.972 472.827
8 264.521 62.2897 227.307
0 265.544 418.3 557.768
1 265.545 521.986 656.492
2 265.545 686.52 456.46
3 265.546 642.189 267.519
4 265.547 439.676 689.253
5 265.547 517.819 224.257
6 265.548 516.393 124.567
7 265.548 241.459 481.764
8 265.549 61.9447 217.313
0 266.577 426.526 563.455
1 266.578 512.51 653.298
2 266.578 686.213 446.465
3 266.579 651.259 271.73
4 266.579 449.582 690.623
5 266.58 513.675 215.156
6 266.581 515.645 114.595
7 266.581 245.946 490.701
8 266.582 61.5998 207.319
0 267.606 434.752 569.142
1 267.607 503.034 650.104
2 267.608 685.905 436.47
3 267.608 660.33 275.94
4 267.609 459.487 691.993
5 267.61 509.531 206.055
6 267.61 514.897 104.623
7 267.611 250.432 499.638
8 267.612 61.2548 197.325
0 268.633 442.978 574.828
1 268.634 493.558 646.91
2 268.635 685.598 426.474
3 268.636 669.4 280.151
4 268.636 469.393 693.363
5 268.637 505.387 196.954
6 268.637 514.149 94.6508
7 268.638 254.919 508.575
8 268.639 60.9098 187.331
0 269.661 451.203 580.515
1 269.662 484.082 643.715
2 269.662 685.29 416.479
3 269.663 678.47 284.361
5 269.725 501.243 187.854
6 269.726 513.401 84.6788
7 269.727 259.406 517.512
8 269.727 60.5649 177.337
0 270.749 459.429 586.202
1 270.75 474.606 640.521
2 270.751 684.983 406.484
4 270.795 468.181 683.437
5 270.796 497.099 178.753
6 270.796 512.653 74.7068
7 270.797 263.893 526.448
8 270.798 60.2199 167.343
0 271.82 467.655 591.888
1 271.821 465.129 637.327
2 271.821 684.675 396.489
3 271.822 670.208 289.995
4 271.822 466.968 673.51
5 271.823 492.955 169.652
6 271.824 511.905 64.7348
7 271.824 268.38 535.385
8 271.825 59.8749 157.349
0 272.852 475.88 597.575
1 272.853 455.653 634.133
2 272.854 684.368 386.493
3 272.854 661.946 295.628
4 272.855 465.756 663.584
5 272.855 488.811 160.551
6 272.856 511.157 54.7629
7 272.857 272.867 544.322
8 272.857 59.53 147.355
0 273.88 484.106 603.262
1 273.88 446.177 630.938
2 273.881 684.06 376.498
3 273.881 653.683 301.262
4 273.882 464.543 653.658
5 273.883 484.667 151.45
6 273.883 510.409 44.7909
7 273.884 277.354 553.259
8 273.885 59.185 137.361
0 274.91 492.332 608.948
1 274.911 436.701 627.744
2 274.912 683.753 366.503
3 274.913 645.421 306.895
4 274.914 463.331 643.732
5 274.915 480.523 142.349
6 274.916 509.661 34.8189
7 274.917 281.841 562.196
8 274.918 58.8401 127.366
0 275.941 500.557 614.635
1 275.942 427.225 624.55
2 275.943 683.445 356.508
3 275.944 637.159 312.528
4 275.944 462.118 633.806
5 275.945 476.379 133.248
6 275.945 508.914 24.8469
7 275.946 286.328 571.133
0 277.015 508.783 620.322
1 277.016 417.749 621.356
2 277.016 683.138 346.512
3 277.019 628.897 318.162
4 277.021 460.906 623.879
5 277.022 472.235 124.147
7 277.056 290.815 580.07
8 277.056 61.5734 136.986
0 278.079 517.009 626.008
1 278.081 408.273 618.161
2 278.082 682.83 336.517
3 278.083 620.634 323.795
4 278.084 459.694 613.953
5 278.085 468.091 115.046
6 278.086 503.152 33.0206
7 278.087 295.302 589.006
8 278.087 64.3068 146.605
0 279.109 525.234 631.695
1 279.11 398.797 614.967
2 279.111 682.523 326.522
3 279.111 612.372 329.428
4 279.112 458.481 604.027
5 279.113 463.947 105.945
6 279.113 497.391 41.1943
7 279.115 299.789 597.943
8 279.115 67.0402 156.224
0 280.144 533.46 637.382
1 280.146 389.321 611.773
2 280.148 682.216 316.526
3 280.148 604.11 335.062
4 280.149 457.269 594.101
5 280.15 459.803 96.8441
6 280.151 491.63 49.368
7 280.151 304.276 606.88
8 280.152 69.7735 165.843
0 281.174 541.686 643.068
1 281.175 379.844 608.579
2 281.175 681.908 306.531
3 281.176 595.847 340.695
4 281.177 456.056 584.174
5 281.178 455.659 87.7431
6 281.178 485.869 57.5417
7 281.179 308.763 615.817
8 281.18 72.5069 175.462
0 282.208 549.911 648.755
1 282.209 370.368 605.384
2 282.209 681.601 296.536
3 282.21 587.585 346.328
4 282.211 454.844 574.248
5 282.212 451.515 78.6422
6 282.214 480.108 65.7154
7 282.215 313.25 624.754
8 282.215 75.2403 185.082
0 283.241 558.137 654.442
1 283.243 360.892 602.19
2 283.243 681.293 286.541
3 283.244 579.323 351.962
4 283.245 453.631 564.322
5 283.245 447.371 69.5412
6 283.246 474.347 73.8891
7 283.247 317.737 633.691
8 283.247 77.9736 194.701
0 284.271 566.363 660.128
1 284.272 351.416 598.996
2 284.273 680.986 276.545
3 284.274 571.061 357.595
4 284.274 452.419 554.396
5 284.275 443.227 60.4403
6 284.275 468.586 82.0628
7 284.276 322.224 642.627
8 284.276 80.707 204.32
0 285.301 574.589 665.815
1 285.302 341.94 595.801
2 285.302 680.678 266.55
3 285.327 562.798 363.229
4 285.328 451.206 544.469
5 285.329 439.083 51.3394
6 285.329 462.824 90.2365
7 285.33 326.711 651.564
8 285.33 83.4404 213.939
0 286.357 582.814 671.502
1 286.358 332.464 592.607
2 286.358 680.371 256.555
3 286.359 554.536 368.862
4 286.36 449.994 534.543
5 286.361 434.939 42.2384
6 286.362 457.063 98.4102
7 286.363 331.198 660.501
8 286.363 86.1737 223.558
0 287.393 591.04 677.188
1 287.394 322.988 589.413
2 287.395 680.063 246.56
3 287.396 546.274 374.495
4 287.397 448.782 524.617
5 287.397 430.795 33.1375
6 287.398 451.302 106.584
7 287.398 335.685 669.438
8 287.399 88.9071 233.178
0 288.422 599.266 682.875
1 288.422 313.512 586.219
2 288.423 679.756 236.564
3 288.424 538.012 380.129
4 288.424 447.569 514.691
5 288.425 426.651 24.0365
6 288.425 445.541 114.758
7 288.426 340.172 678.375
8 288.427 91.6404 242.797
1 289.479 304.035 583.024
2 289.48 679.448 226.569
3 289.48 529.749 385.762
4 289.481 446.357 504.765
6 289.508 439.78 122.931
7 289.508 344.659 687.312
8 289.509 94.3738 252.416
0 290.532 598.319 672.92
1 290.533 294.559 579.83
2 290.535 679.141 216.574
3 290.536 521.487 391.395
4 290.537 445.144 494.838
5 290.538 416.651 24.1627
6 290.539 434.019 131.105
8 290.584 97.1072 262.035
0 291.606 597.373 662.965
1 291.607 285.083 576.636
3 291.624 513.225 397.029
4 291.625 443.932 484.912
5 291.625 406.652 24.2888
6 291.626 428.258 139.279
7 291.626 340.713 678.123
8 291.627 99.8405 271.654
0 292.649 596.426 653.01
1 292.65 275.607 573.442
2 292.65 669.274 214.946
3 292.651 504.962 402.662
4 292.652 442.719 474.986
5 292.652 396.653 24.4149
6 292.653 422.497 147.452
7 292.653 336.768 668.934
8 292.654 102.574 281.273
0 293.677 595.479 643.055
1 293.678 266.131 570.247
2 293.679 659.407 213.318
3 293.679 496.7 408.295
4 293.68 441.507 465.06
5 293.681 386.654 24.5411
6 293.681 416.735 155.626
7 293.682 332.822 659.745
8 293.682 105.307 290.893
0 294.705 594.533 633.099
1 294.706 256.655 567.053
2 294.707 649.541 211.69
3 294.707 488.438 413.929
4 294.708 440.295 455.133
5 294.708 376.655 24.6672
6 294.709 410.974 163.8
7 294.71 328.877 650.557
8 294.71 108.041 300.512
0 295.732 593.586 623.144
1 295.733 247.179 563.859
2 295.734 639.674 210.063
3 295.734 480.176 419.562
4 295.735 439.082 445.207
5 295.735 366.655 24.7933
6 295.736 405.213 171.974
7 295.737 324.931 641.368
8 295.737 110.774 310.131
0 296.759 592.64 613.189
1 296.76 237.703 560.665
2 296.761 629.808 208.435
3 296.761 471.913 425.196
4 296.762 437.87 435.281
5 296.763 356.656 24.9195
6 296.763 399.452 180.147
7 296.764 320.986 632.179
8 296.765 113.507 319.75
0 297.787 591.693 603.234
1 297.787 228.227 557.47
2 297.788 619.941 206.807
3 297.789 463.651 430.829
4 297.789 436.657 425.355
5 297.79 346.657 25.0456
6 297.79 393.691 188.321
7 297.791 317.04 622.99
8 297.792 116.241 329.369
0 298.814 590.747 593.279
1 298.815 218.75 554.276
2 298.815 610.074 205.179
3 298.816 455.389 436.462
4 298.816 435.445 415.429
5 298.817 336.658 25.1718
6 298.818 387.93 196.495
7 298.818 313.095 613.802
8 298.819 118.974 338.989
0 299.841 589.8 583.324
1 299.842 209.274 551.082
2 299.842 600.208 203.551
3 299.843 447.127 442.096
4 299.844 434.232 405.502
5 299.844 326.659 25.2979
6 299.845 382.169 204.668
7 299.845 309.15 604.613
8 299.846 121.707 348.608
0 300.87 588.854 573.369
1 300.872 199.798 547.888
2 300.873 590.341 201.924
3 300.874 438.864 447.729
4 300.876 433.02 395.576
5 300.877 316.659 25.424
6 300.878 376.408 212.842
7 300.879 305.204 595.424
8 300.88 124.441 358.227
0 301.907 587.907 563.414
1 301.908 190.322 544.693
2 301.909 580.474 200.296
3 301.909 430.602 453.362
4 301.91 431.807 385.65
5 301.911 306.66 25.5502
6 301.911 370.646 221.016
7 301.912 301.259 586.235
8 301.912 127.174 367.846
0 302.934 586.961 553.459
1 302.935 180.846 541.499
2 302.936 570.608 198.668
3 302.936 422.34 458.996
4 302.937 430.595 375.724
5 302.938 296.661 25.6763
6 302.938 364.885 229.189
7 302.939 297.313 577.046
8 302.94 129.908 377.465
0 303.961 586.014 543.504
1 303.962 171.37 538.305
2 303.963 560.741 197.04
3 303.963 414.077 464.629
4 303.964 429.383 365.797
5 303.965 286.662 25.8024
6 303.965 359.124 237.363
7 303.966 293.368 567.858
8 303.966 132.641 387.084
0 304.992 585.068 533.548
1 304.993 161.894 535.111
2 304.994 550.875 195.412
3 304.995 405.815 470.263
4 304.996 428.17 355.871
5 304.997 276.663 25.9286
6 304.998 353.363 245.537
7 304.999 289.422 558.669
8 304.999 135.374 396.704
0 306.021 584.121 523.593
1 306.022 152.418 531.916
2 306.022 541.008 193.785
3 306.023 397.553 475.896
4 306.024 426.958 345.945
5 306.024 266.663 26.0547
6 306.025 347.602 253.711
7 306.026 285.477 549.48
8 306.026 138.108 406.323
0 307.049 583.175 513.638
1 307.05 142.942 528.722
2 307.05 531.141 192.157
3 307.051 389.291 481.529
4 307.052 425.745 336.019
6 307.07 341.841 261.884
7 307.071 281.531 540.291
8 307.071 140.841 415.942
0 308.093 582.228 503.683
1 308.094 133.465 525.528
2 308.095 521.275 190.529
3 308.095 381.028 487.163
4 308.096 424.533 326.092
5 308.096 276.663 26.084
6 308.097 336.08 270.058
7 308.098 277.586 531.103
8 308.098 143.574 425.561
0 309.123 581.281 493.728
1 309.124 123.989 522.333
2 309.125 511.408 188.901
3 309.126 372.766 492.796
4 309.127 423.32 316.166
5 309.128 286.663 26.1134
6 309.128 330.319 278.232
7 309.129 273.641 521.914
8 309.13 146.308 435.18
0 310.153 580.335 483.773
2 310.171 501.541 187.273
