0 7.748 367.929 367.929
1 7.749 367.834 381.975
2 7.75 381.975 367.834
3 7.75 382.147 381.994
4 7.751 374.866 384.999
5 7.751 365.008 374.6
6 7.752 374.6 365.008
0 8.779 360.858 360.858
1 8.781 360.668 388.95
2 8.782 388.949 360.668
3 8.782 389.294 388.988
4 8.783 374.733 394.998
5 8.784 355.016 374.201
6 8.784 374.201 355.016
0 9.81 353.787 353.787
1 9.811 353.502 395.925
2 9.812 395.924 353.501
3 9.813 396.441 395.983
4 9.815 374.599 404.997
5 9.816 345.024 373.801
6 9.817 373.801 345.024
0 10.84 346.716 346.716
1 10.841 346.336 402.9
2 10.843 402.898 346.335
3 10.844 403.588 402.977
4 10.844 374.465 414.996
5 10.845 335.032 373.401
6 10.846 373.401 335.032
0 11.872 339.645 339.645
1 11.873 339.17 409.874
2 11.873 409.873 339.169
3 11.874 410.735 409.971
4 11.875 374.332 424.996
5 11.875 325.04 373.002
6 11.877 373.002 325.04
0 12.904 332.574 332.574
1 12.905 332.004 416.849
2 12.906 416.848 332.003
3 12.907 417.883 416.965
4 12.908 374.198 434.995
5 12.91 315.048 372.602
6 12.911 372.602 315.048
0 13.937 325.503 325.503
1 13.938 324.838 423.824
2 13.939 423.822 324.836
3 13.941 425.03 423.96
4 13.942 374.064 444.994
5 13.943 305.056 372.202
6 13.944 372.202 305.056
0 14.969 318.431 318.431
1 14.97 317.672 430.799
2 14.97 430.797 317.67
3 14.971 432.177 430.954
4 14.972 373.931 454.993
5 14.972 295.064 371.803
6 14.973 371.803 295.064
0 15.999 311.36 311.36
1 16 310.506 437.774
2 16.002 437.772 310.504
3 16.003 439.324 437.948
4 16.003 373.797 464.992
5 16.004 285.072 371.403
6 16.004 371.403 285.072
0 17.031 304.289 304.289
1 17.033 303.34 444.749
2 17.035 444.746 303.338
3 17.038 446.471 444.942
4 17.039 373.663 474.991
5 17.04 275.08 371.003
6 17.041 371.003 275.08
0 18.07 297.218 297.218
1 18.071 296.174 451.724
2 18.071 451.721 296.172
3 18.072 453.618 451.936
4 18.072 373.53 484.99
5 18.073 265.088 370.604
6 18.074 370.604 265.088
0 19.099 290.147 290.147
1 19.102 289.008 458.699
2 19.103 458.695 289.005
3 19.103 460.765 458.931
4 19.104 373.396 494.989
5 19.108 255.096 370.204
6 19.108 370.204 255.096
0 20.134 283.076 283.076
1 20.135 281.842 465.673
2 20.136 465.67 281.839
3 20.137 467.912 465.925
4 20.139 373.262 504.988
5 20.14 245.104 369.804
6 20.141 369.804 245.104
0 21.165 276.005 276.005
1 21.166 274.676 472.648
2 21.166 472.645 274.673
3 21.167 475.059 472.919
4 21.169 373.129 514.987
5 21.171 235.112 369.404
6 21.172 369.404 235.112
0 22.196 268.934 268.934
1 22.197 267.51 479.623
2 22.198 479.619 267.507
3 22.199 482.206 479.913
4 22.202 372.995 524.987
5 22.203 225.12 369.005
6 22.203 369.005 225.12
0 23.229 261.863 261.863
1 23.23 260.345 486.598
2 23.231 486.594 260.34
3 23.232 489.354 486.907
4 23.234 372.861 534.986
5 23.235 215.128 368.605
6 23.236 368.605 215.128
0 24.262 254.792 254.792
1 24.263 253.179 493.573
2 24.264 493.568 253.174
3 24.264 496.501 493.902
4 24.265 372.727 544.985
5 24.265 205.136 368.205
6 24.266 368.205 205.136
0 25.294 247.721 247.721
1 25.295 246.013 500.548
2 25.297 500.543 246.008
3 25.299 503.648 500.896
4 25.299 372.594 554.984
5 25.3 195.144 367.806
6 25.3 367.806 195.144
0 26.327 240.65 240.65
1 26.328 238.847 507.523
2 26.329 507.518 238.842
3 26.33 510.795 507.89
4 26.331 372.46 564.983
5 26.331 185.152 367.406
6 26.332 367.406 185.152
0 27.361 233.579 233.579
1 27.362 231.681 514.498
2 27.364 514.492 231.676
3 27.365 517.942 514.884
4 27.366 372.326 574.982
5 27.366 175.16 367.006
6 27.367 367.006 175.16
0 28.392 226.508 226.508
1 28.394 224.515 521.472
2 28.395 521.467 224.509
3 28.395 525.089 521.879
4 28.396 372.193 584.981
5 28.397 165.168 366.607
6 28.397 366.607 165.168
0 29.422 219.437 219.437
1 29.423 217.349 528.447
2 29.425 528.441 217.343
3 29.426 532.236 528.873
4 29.426 372.059 594.98
5 29.427 155.176 366.207
6 29.427 366.207 155.176
0 30.454 212.365 212.365
1 30.455 210.183 535.422
2 30.457 535.416 210.177
3 30.459 539.383 535.867
4 30.459 371.925 604.979
5 30.46 145.184 365.807
6 30.461 365.807 145.184
0 31.489 205.294 205.294
1 31.489 203.017 542.397
2 31.49 542.391 203.011
3 31.491 546.53 542.861
4 31.493 371.792 614.979
5 31.494 135.192 365.408
6 31.494 365.408 135.192
0 32.518 198.223 198.223
1 32.519 195.851 549.372
2 32.52 549.365 195.844
3 32.521 553.677 549.855
4 32.522 371.658 624.978
5 32.524 125.2 365.008
6 32.524 365.008 125.2
0 33.552 191.152 191.152
1 33.553 188.685 556.347
2 33.553 556.34 188.678
3 33.554 560.824 556.85
4 33.555 371.524 634.977
5 33.555 115.208 364.608
6 33.556 364.608 115.208
0 34.584 184.081 184.081
1 34.586 181.519 563.322
2 34.587 563.315 181.512
3 34.588 567.972 563.844
4 34.589 371.391 644.976
5 34.589 105.216 364.209
6 34.59 364.209 105.216
0 35.614 177.01 177.01
1 35.616 174.353 570.297
2 35.617 570.289 174.346
3 35.618 575.119 570.838
4 35.619 371.257 654.975
5 35.619 95.2237 363.809
6 35.62 363.809 95.2237
0 36.646 169.939 169.939
1 36.646 167.187 577.271
2 36.648 577.264 167.18
3 36.649 582.266 577.832
4 36.65 371.123 664.974
5 36.651 85.2317 363.409
6 36.651 363.409 85.2317
0 37.679 162.868 162.868
1 37.68 160.021 584.246
2 37.682 584.238 160.013
3 37.683 589.413 584.826
4 37.683 370.99 674.973
5 37.684 75.2397 363.01
6 37.684 363.01 75.2397
0 38.71 155.797 155.797
1 38.711 152.855 591.221
2 38.712 591.213 152.847
3 38.714 596.56 591.821
4 38.714 370.856 684.972
5 38.715 65.2477 362.61
6 38.715 362.61 65.2477
0 39.741 148.726 148.726
1 39.742 145.689 598.196
2 39.743 598.188 145.681
3 39.745 603.707 598.815
4 39.746 370.722 694.971
5 39.746 55.2557 362.21
6 39.747 362.21 55.2557
0 40.772 141.655 141.655
1 40.773 138.523 605.171
2 40.775 605.162 138.515
3 40.776 610.854 605.809
4 40.776 370.589 704.971
5 40.777 45.2637 361.811
6 40.777 361.811 45.2637
0 41.801 134.584 134.584
1 41.803 131.357 612.146
2 41.804 612.137 131.348
3 41.805 618.001 612.803
4 41.806 370.455 714.97
5 41.806 35.2717 361.411
6 41.807 361.411 35.2717
0 42.833 127.513 127.513
1 42.834 124.191 619.121
2 42.836 619.111 124.182
3 42.837 625.148 619.798
4 42.837 370.321 724.969
5 42.838 25.2797 361.011
6 42.838 361.011 25.2797
0 43.865 120.442 120.442
1 43.866 117.025 626.096
2 43.867 626.086 117.016
3 43.868 632.295 626.792
4 43.869 370.188 734.968
5 43.869 15.2877 360.612
6 43.87 360.612 15.2877
0 44.897 113.37 113.37
1 44.897 109.859 633.07
2 44.898 633.061 109.85
3 44.899 639.442 633.786
4 44.899 370.054 744.967
5 44.9 5.29565 360.212
6 44.901 360.212 5.29565
0 45.929 106.299 106.299
1 45.931 102.693 640.045
2 45.933 640.035 102.683
3 45.935 646.59 640.78
5 47.079 -4.69636 359.812
6 47.079 359.812 -4.69636
0 48.105 99.2284 99.2284
1 48.106 95.5272 647.02
2 48.107 647.01 95.5173
3 48.109 653.737 647.774
4 48.109 374.713 736.118
0 51.215 92.1573 92.1573
1 51.216 88.3613 653.995
2 51.217 653.985 88.351
3 51.218 660.884 654.769
4 51.218 379.371 727.27
5 51.219 4.22525 355.295
6 51.22 355.29 4.2226
0 52.245 85.0862 85.0862
1 52.246 81.1953 660.97
2 52.248 660.959 81.1848
3 52.249 668.031 661.763
4 52.249 384.03 718.421
5 52.25 13.1469 350.778
6 52.251 350.767 13.1416
0 53.277 78.0152 78.0152
1 53.278 74.0293 667.945
2 53.279 667.934 74.0186
3 53.279 675.178 668.757
4 53.28 388.688 709.573
5 53.28 22.0685 346.261
6 53.281 346.245 22.0605
0 54.306 70.9441 70.9441
1 54.307 66.8634 674.92
2 54.308 674.908 66.8524
3 54.31 682.325 675.751
4 54.311 393.347 700.724
5 54.312 30.9901 341.743
6 54.313 341.723 30.9795
0 55.338 63.873 63.873
1 55.34 59.6974 681.895
2 55.342 681.883 59.6861
3 55.342 689.472 682.745
4 55.343 398.006 691.876
5 55.344 39.9117 337.226
6 55.345 337.2 39.8985
0 56.369 56.8019 56.8019
1 56.37 52.5314 688.869
2 56.37 688.858 52.5199
3 56.372 696.619 689.74
4 56.373 402.664 683.027
5 56.374 48.8333 332.709
6 56.375 332.678 48.8174
0 57.401 49.7309 49.7309
1 57.403 45.3654 695.844
2 57.405 695.832 45.3537
3 57.406 703.766 696.734
4 57.407 407.323 674.178
5 57.407 57.755 328.192
6 57.408 328.155 57.7364
0 58.433 42.6598 42.6598
1 58.434 38.1995 702.819
2 58.435 702.807 38.1875
3 58.437 710.913 703.728
4 58.438 411.982 665.33
5 58.438 66.6766 323.675
6 58.439 323.633 66.6553
0 59.464 35.5887 35.5887
1 59.465 31.0335 709.794
2 59.466 709.781 31.0213
3 59.468 718.061 710.722
4 59.468 416.64 656.481
5 59.469 75.5982 319.158
6 59.47 319.111 75.5743
0 60.495 28.5177 28.5177
1 60.495 23.8675 716.769
2 60.498 716.756 23.855
3 60.498 725.208 717.717
4 60.499 421.299 647.633
5 60.5 84.5198 314.641
6 60.5 314.588 84.4933
0 61.526 21.4466 21.4466
1 61.528 16.7016 723.744
2 61.53 723.731 16.6888
3 61.531 732.355 724.711
4 61.532 425.958 638.784
5 61.533 93.4414 310.123
6 61.533 310.066 93.4122
0 62.559 14.3755 14.3755
1 62.559 9.53561 730.719
2 62.561 730.705 9.52258
3 62.563 739.502 731.705
4 62.564 430.616 629.936
5 62.564 102.363 305.606
6 62.565 305.543 102.331
0 63.589 7.30447 7.30447
1 63.59 2.36964 737.694
2 63.591 737.68 2.35636
3 63.592 746.649 738.699
4 63.593 435.275 621.087
5 63.595 111.285 301.089
6 63.596 301.021 111.25
0 64.62 0.233406 0.233406
4 67.952 439.934 612.238
5 67.952 120.206 296.572
6 67.953 296.499 120.169
1 69.794 12.3684 737.852
2 69.795 737.813 12.3555
3 69.796 742.715 729.505
4 69.796 444.592 603.39
5 69.797 129.128 292.055
6 69.798 291.976 129.088
0 70.825 0.245295 10.2334
1 70.827 22.3671 738.01
2 70.828 737.946 22.3546
3 70.83 738.781 720.312
4 70.831 449.251 594.541
5 70.831 138.049 287.538
6 70.832 287.454 138.007
0 71.858 0.257185 20.2334
1 71.859 32.3659 738.168
2 71.859 738.08 32.3537
3 71.86 734.847 711.118
4 71.86 453.909 585.693
5 71.861 146.971 283.02
6 71.862 282.931 146.926
0 72.887 0.269074 30.2334
1 72.888 42.3646 738.326
2 72.89 738.213 42.3528
3 72.892 730.914 701.924
4 72.892 458.568 576.844
5 72.893 155.893 278.503
6 72.894 278.409 155.845
0 73.919 0.280964 40.2334
1 73.92 52.3634 738.485
2 73.921 738.346 52.3519
3 73.922 726.98 692.73
4 73.924 463.227 567.996
5 73.925 164.814 273.986
6 73.925 273.887 164.764
0 74.949 0.292853 50.2334
1 74.95 62.3621 738.643
2 74.951 738.479 62.351
3 74.952 723.046 683.537
4 74.953 467.885 559.147
5 74.954 173.736 269.469
6 74.955 269.364 173.683
0 75.982 0.304743 60.2334
1 75.982 72.3609 738.801
2 75.983 738.612 72.3501
3 75.984 719.112 674.343
4 75.985 472.544 550.299
5 75.987 182.658 264.952
6 75.989 264.842 182.602
0 77.013 0.316632 70.2334
1 77.013 82.3596 738.959
2 77.014 738.746 82.3493
3 77.015 715.178 665.149
4 77.015 477.203 541.45
5 77.016 191.579 260.435
6 77.017 260.319 191.521
0 78.044 0.328522 80.2333
1 78.045 92.3584 739.117
2 78.046 738.879 92.3484
3 78.047 711.244 655.956
4 78.048 481.861 532.601
5 78.05 200.501 255.917
6 78.051 255.797 200.44
0 79.074 0.340411 90.2333
1 79.075 102.357 739.275
2 79.076 739.012 102.347
3 79.078 707.31 646.762
4 79.08 486.52 523.753
5 79.08 209.422 251.4
6 79.081 251.275 209.359
0 80.104 0.352301 100.233
1 80.105 112.356 739.434
2 80.106 739.145 112.347
3 80.108 703.377 637.568
4 80.109 491.179 514.904
5 80.11 218.344 246.883
6 80.111 246.752 218.278
0 81.133 0.36419 110.233
1 81.134 122.355 739.592
2 81.134 739.278 122.346
3 81.136 699.443 628.374
4 81.138 495.837 506.056
5 81.138 227.266 242.366
6 81.139 242.23 227.197
0 82.162 0.37608 120.233
1 82.163 132.353 739.75
2 82.165 739.412 132.345
3 82.165 695.509 619.181
4 82.166 500.496 497.207
5 82.167 236.187 237.849
6 82.167 237.707 236.116
0 83.191 0.387969 130.233
1 83.193 142.352 739.908
2 83.194 739.545 142.344
3 83.195 691.575 609.987
4 83.197 505.154 488.359
5 83.198 245.109 233.332
6 83.199 233.185 245.035
0 84.221 0.399859 140.233
1 84.223 152.351 740.066
2 84.224 739.678 152.343
3 84.225 687.641 600.793
4 84.226 509.813 479.51
5 84.226 254.031 228.814
6 84.227 228.663 253.954
0 85.251 0.411748 150.233
1 85.253 162.35 740.225
2 85.254 739.811 162.342
3 85.255 683.707 591.599
4 85.256 514.472 470.661
5 85.257 262.952 224.297
6 85.257 224.14 262.873
0 86.282 0.423638 160.233
1 86.283 172.348 740.383
2 86.285 739.944 172.341
3 86.285 679.774 582.406
4 86.286 519.13 461.813
5 86.287 271.874 219.78
6 86.287 219.618 271.792
0 87.312 0.435527 170.233
1 87.314 182.347 740.541
2 87.315 740.078 182.34
3 87.316 675.84 573.212
4 87.316 523.789 452.964
5 87.317 280.795 215.263
6 87.318 215.095 280.71
0 88.342 0.447416 180.233
1 88.343 192.346 740.699
2 88.345 740.211 192.34
3 88.346 671.906 564.018
4 88.346 528.448 444.116
5 88.347 289.717 210.746
6 88.348 210.573 289.629
0 89.372 0.459306 190.233
1 89.373 202.345 740.857
2 89.375 740.344 202.339
3 89.376 667.972 554.824
4 89.376 533.106 435.267
5 89.377 298.639 206.229
6 89.378 206.051 298.548
0 90.405 0.471195 200.233
1 90.406 212.343 741.016
2 90.408 740.477 212.338
3 90.409 664.038 545.631
4 90.411 537.765 426.419
5 90.413 307.56 201.711
6 90.415 201.528 307.467
0 91.455 0.483085 210.233
1 91.457 222.342 741.174
2 91.459 740.61 222.337
3 91.464 660.104 536.437
4 91.466 542.424 417.57
5 91.467 316.482 197.194
6 91.469 197.006 316.386
0 92.523 0.494974 220.233
1 92.525 232.341 741.332
2 92.527 740.744 232.336
3 92.528 656.17 527.243
4 92.529 547.082 408.722
5 92.53 325.403 192.677
6 92.531 192.483 325.305
0 93.558 0.506864 230.233
1 93.558 242.34 741.49
2 93.56 740.877 242.335
3 93.561 652.237 518.049
4 93.562 551.741 399.873
5 93.563 334.325 188.16
6 93.563 187.961 334.224
0 94.588 0.518753 240.233
1 94.59 252.338 741.648
2 94.591 741.01 252.334
3 94.592 648.303 508.856
4 94.592 556.399 391.024
5 94.593 343.247 183.643
6 94.594 183.439 343.143
0 95.619 0.530643 250.233
1 95.62 262.337 741.807
2 95.621 741.143 262.333
3 95.621 644.369 499.662
4 95.622 561.058 382.176
5 95.623 352.168 179.126
6 95.623 178.916 352.062
0 96.648 0.542532 260.233
1 96.648 272.336 741.965
2 96.65 741.276 272.332
3 96.651 640.435 490.468
4 96.652 565.717 373.327
5 96.653 361.09 174.608
6 96.653 174.394 360.981
0 97.679 0.554422 270.233
1 97.681 282.335 742.123
2 97.683 741.41 282.332
3 97.684 636.501 481.274
4 97.685 570.375 364.479
5 97.685 370.012 170.091
6 97.686 169.871 369.9
0 98.709 0.566311 280.233
1 98.71 292.333 742.281
2 98.713 741.543 292.331
3 98.713 632.567 472.081
4 98.714 575.034 355.63
5 98.714 378.933 165.574
6 98.715 165.349 378.819
0 99.739 0.578201 290.233
1 99.741 302.332 742.439
2 99.742 741.676 302.33
3 99.743 628.634 462.887
4 99.744 579.693 346.782
5 99.744 387.855 161.057
6 99.745 160.827 387.738
0 100.773 0.59009 300.233
1 100.773 312.331 742.598
2 100.775 741.809 312.329
3 100.776 624.7 453.693
4 100.777 584.351 337.933
5 100.777 396.776 156.54
6 100.778 156.304 396.657
0 101.801 0.60198 310.233
1 101.802 322.33 742.756
2 101.804 741.942 322.328
3 101.805 620.766 444.499
4 101.806 589.01 329.084
5 101.806 405.698 152.023
6 101.807 151.782 405.576
0 102.831 0.613869 320.233
1 102.832 332.328 742.914
2 102.835 742.076 332.327
3 102.835 616.832 435.306
4 102.836 593.669 320.236
5 102.837 414.62 147.505
6 102.837 147.259 414.495
0 103.861 0.625759 330.233
1 103.862 342.327 743.072
2 103.864 742.209 342.326
3 103.865 612.898 426.112
4 103.866 598.327 311.387
5 103.866 423.541 142.988
6 103.867 142.737 423.414
0 104.891 0.637648 340.233
1 104.893 352.326 743.23
2 104.895 742.342 352.325
3 104.895 608.964 416.918
4 104.896 602.986 302.539
5 104.896 432.463 138.471
6 104.897 138.215 432.333
0 105.923 0.649538 350.233
1 105.926 362.325 743.389
2 105.928 742.475 362.324
3 105.93 605.03 407.725
4 105.931 607.645 293.69
5 105.932 441.384 133.954
6 105.933 133.692 441.252
0 106.969 0.661427 360.233
1 106.97 372.323 743.547
2 106.971 742.608 372.324
3 106.972 601.097 398.531
4 106.973 612.303 284.842
5 106.975 450.306 129.437
6 106.976 129.17 450.171
0 108.001 0.673316 370.233
1 108.002 382.322 743.705
2 108.003 742.742 382.323
3 108.003 597.163 389.337
4 108.004 616.962 275.993
5 108.004 459.228 124.92
6 108.005 124.647 459.09
0 109.031 0.685206 380.233
1 109.031 392.321 743.863
2 109.032 742.875 392.322
3 109.033 593.229 380.143
4 109.033 621.62 267.144
5 109.034 468.149 120.403
6 109.034 120.125 468.009
0 110.06 0.697095 390.233
1 110.061 402.32 744.021
2 110.061 743.008 402.321
3 110.062 589.295 370.95
4 110.063 626.279 258.296
5 110.063 477.071 115.885
6 110.064 115.603 476.928
0 111.088 0.708985 400.233
1 111.089 412.318 744.18
2 111.091 743.141 412.32
3 111.092 585.361 361.756
4 111.093 630.938 249.447
5 111.093 485.993 111.368
6 111.094 111.08 485.847
0 112.119 0.720874 410.233
1 112.12 422.317 744.338
2 112.121 743.274 422.319
3 112.122 581.427 352.562
4 112.123 635.596 240.599
5 112.124 494.914 106.851
6 112.126 106.558 494.766
0 113.154 0.732764 420.233
1 113.156 432.316 744.496
2 113.185 743.408 432.318
3 113.186 577.494 343.368
4 113.187 640.255 231.75
5 113.188 503.836 102.334
6 113.189 102.035 503.685
0 114.215 0.744653 430.233
1 114.217 442.315 744.654
2 114.218 743.541 442.317
3 114.22 573.56 334.175
4 114.221 644.914 222.902
5 114.222 512.757 97.8167
6 114.223 97.5131 512.604
0 115.248 0.756543 440.233
1 115.249 452.313 744.812
2 115.25 743.674 452.316
3 115.25 569.626 324.981
4 115.251 649.572 214.053
5 115.251 521.679 93.2995
6 115.252 92.9907 521.523
0 116.278 0.768432 450.233
1 116.279 462.312 744.97
2 116.28 743.807 462.316
3 116.281 565.692 315.787
4 116.281 654.231 205.205
5 116.282 530.601 88.7824
6 116.282 88.4683 530.441
0 117.309 0.780322 460.233
1 117.311 472.311 745.129
2 117.312 743.94 472.315
3 117.314 561.758 306.593
4 117.316 658.89 196.356
5 117.317 539.522 84.2652
6 117.318 83.9459 539.36
0 118.342 0.792211 470.233
1 118.345 482.31 745.287
2 118.346 744.074 482.314
3 118.346 557.824 297.4
4 118.347 663.548 187.507
5 118.348 548.444 79.748
6 118.348 79.4235 548.279
0 119.375 0.804101 480.233
1 119.376 492.308 745.445
2 119.377 744.207 492.313
3 119.378 553.891 288.206
4 119.379 668.207 178.659
5 119.381 557.365 75.2309
6 119.381 74.9011 557.198
0 120.405 0.81599 490.233
1 120.407 502.307 745.603
2 120.408 744.34 502.312
3 120.409 549.957 279.012
4 120.409 672.865 169.81
5 120.41 566.287 70.7137
6 120.411 70.3787 566.117
0 121.434 0.82788 500.233
1 121.435 512.306 745.761
2 121.437 744.473 512.311
3 121.438 546.023 269.818
4 121.438 677.524 160.962
5 121.439 575.209 66.1965
6 121.44 65.8563 575.036
0 122.464 0.839769 510.233
1 122.465 522.305 745.92
2 122.467 744.606 522.31
3 122.468 542.089 260.625
4 122.469 682.183 152.113
5 122.469 584.13 61.6794
6 122.47 61.3339 583.955
0 123.494 0.851659 520.233
1 123.495 532.303 746.078
2 123.495 744.74 532.309
3 123.496 538.155 251.431
4 123.497 686.841 143.265
5 123.498 593.052 57.1622
6 123.5 56.8115 592.874
0 124.526 0.863548 530.233
1 124.528 542.302 746.236
2 124.529 744.873 542.308
3 124.53 534.221 242.237
4 124.53 691.5 134.416
5 124.531 601.974 52.6451
6 124.532 52.2891 601.793
0 125.561 0.875438 540.233
1 125.564 552.301 746.394
2 125.565 745.006 552.308
3 125.568 530.287 233.043
4 125.571 696.159 125.567
5 125.575 610.895 48.1279
6 125.577 47.7667 610.712
0 126.619 0.887327 550.233
1 126.62 562.3 746.552
2 126.621 745.139 562.307
3 126.621 526.354 223.85
4 126.622 700.817 116.719
5 126.622 619.817 43.6107
6 126.623 43.2443 619.631
0 127.65 0.899216 560.233
1 127.65 572.298 746.711
2 127.651 745.272 572.306
3 127.652 522.42 214.656
4 127.652 705.476 107.87
5 127.653 628.738 39.0936
6 127.654 38.7219 628.55
0 128.682 0.911106 570.233
1 128.683 582.297 746.869
2 128.684 745.406 582.305
3 128.684 518.486 205.462
4 128.685 710.135 99.0218
5 128.686 637.66 34.5764
6 128.686 34.1995 637.469
0 129.713 0.922995 580.233
1 129.714 592.296 747.027
2 129.714 745.539 592.304
3 129.715 514.552 196.268
4 129.715 714.793 90.1732
5 129.716 646.582 30.0592
6 129.716 29.6771 646.388
0 130.743 0.934885 590.233
1 130.744 602.295 747.185
2 130.746 745.672 602.303
3 130.748 510.618 187.075
4 130.749 719.452 81.3246
5 130.75 655.503 25.5421
6 130.751 25.1547 655.307
0 131.787 0.946774 600.233
1 131.788 612.293 747.343
2 131.788 745.805 612.302
3 131.789 506.684 177.881
4 131.79 724.11 72.4761
5 131.79 664.425 21.0249
6 131.791 20.6323 664.226
0 132.818 0.958664 610.233
1 132.819 622.292 747.502
2 132.819 745.938 622.301
3 132.82 502.751 168.687
4 132.821 728.769 63.6275
5 132.821 673.346 16.5078
6 132.823 16.1099 673.145
0 133.85 0.970553 620.233
1 133.851 632.291 747.66
2 133.851 746.072 632.3
3 133.852 498.817 159.494
4 133.854 733.428 54.779
5 133.856 682.268 11.9906
6 133.857 11.5875 682.064
0 134.881 0.982443 630.233
1 134.882 642.29 747.818
2 134.883 746.205 642.3
3 134.884 494.883 150.3
4 134.886 738.086 45.9304
5 134.887 691.19 7.47343
6 134.888 7.06514 690.983
0 135.913 0.994332 640.233
1 135.915 652.288 747.976
2 135.917 746.338 652.299
3 135.918 490.949 141.106
4 135.921 742.745 37.0818
5 135.923 700.111 2.95627
6 135.924 2.54274 699.902
1 137.706 662.287 748.134
2 137.707 746.471 662.298
3 137.707 487.015 131.912
4 137.708 747.404 28.2333
0 140.388 10.9232 641.424
1 140.389 672.286 748.293
2 140.39 746.604 672.297
3 140.391 483.081 122.719
5 141.04 690.111 2.9418
6 141.041 9.63381 692.851
0 142.063 20.852 642.615
1 142.065 682.285 748.451
2 142.067 746.738 682.296
3 142.068 479.147 113.525
4 142.068 740.473 35.4419
5 142.069 680.111 2.92734
6 142.069 16.7249 685.8
0 143.094 30.7808 643.806
1 143.095 692.283 748.609
2 143.095 746.871 692.295
3 143.096 475.214 104.331
4 143.097 733.542 42.6506
5 143.097 670.111 2.91287
6 143.098 23.8159 678.749
0 144.124 40.7096 644.997
1 144.125 702.282 748.767
2 144.126 747.004 702.294
3 144.127 471.28 95.1373
4 144.127 726.611 49.8593
5 144.128 660.111 2.89841
6 144.128 30.907 671.698
0 145.157 50.6385 646.188
1 145.158 712.281 748.925
3 145.749 467.346 85.9436
4 145.75 719.681 57.0679
5 145.751 650.111 2.88394
6 145.751 37.9981 664.647
0 146.775 60.5673 647.379
2 147.282 739.888 695.269
3 147.283 463.412 76.7499
4 147.284 712.75 64.2766
5 147.284 640.111 2.86948
6 147.285 45.0891 657.596
0 148.311 70.4961 648.57
1 148.313 712.309 738.925
2 148.314 732.771 688.243
3 148.315 459.478 67.5561
4 148.316 705.819 71.4853
5 148.317 630.111 2.85501
6 148.319 52.1802 650.545
0 149.343 80.4249 649.761
1 149.344 712.338 728.925
2 149.345 725.655 681.218
3 149.346 455.544 58.3624
4 149.347 698.889 78.694
5 149.349 620.111 2.84055
6 149.351 59.2713 643.494
0 150.374 90.3538 650.952
1 150.375 712.367 718.925
2 150.376 718.539 674.192
3 150.377 451.611 49.1686
4 150.377 691.958 85.9026
5 150.379 610.111 2.82609
6 150.381 66.3623 636.443
0 151.406 100.283 652.143
1 151.408 712.395 708.925
2 151.409 711.422 667.167
3 151.409 447.677 39.9749
4 151.41 685.027 93.1113
5 151.411 600.111 2.81162
6 151.412 73.4534 629.392
0 152.44 110.211 653.334
1 152.441 712.424 698.926
2 152.442 704.306 660.141
3 152.444 443.743 30.7812
4 152.446 678.096 100.32
5 152.448 590.111 2.79716
6 152.448 80.5445 622.341
0 153.478 120.14 654.525
1 153.479 712.453 688.926
2 153.48 697.19 653.115
3 153.481 439.809 21.5874
4 153.482 671.166 107.529
5 153.482 580.111 2.78269
6 153.483 87.6355 615.29
0 154.513 130.069 655.716
1 154.514 712.481 678.926
2 154.515 690.074 646.09
3 154.516 435.875 12.3937
4 154.516 664.235 114.737
5 154.518 570.111 2.76823
6 154.52 94.7266 608.239
0 155.543 139.998 656.907
1 155.544 712.51 668.926
2 155.545 682.957 639.064
3 155.545 431.941 3.19994
4 155.546 657.304 121.946
5 155.546 560.111 2.75376
6 155.547 101.818 601.188
0 156.572 149.927 658.098
1 156.573 712.539 658.926
2 156.574 675.841 632.039
4 156.965 650.373 129.155
5 156.966 550.111 2.7393
6 156.966 108.909 594.137
0 157.988 159.856 659.289
1 157.989 712.567 648.926
2 157.99 668.725 625.013
3 157.991 431.377 13.184
4 157.993 643.443 136.363
5 157.993 540.111 2.72483
6 157.994 116 587.086
0 159.016 169.784 660.48
1 159.017 712.596 638.926
2 159.017 661.608 617.988
3 159.018 430.813 23.1681
4 159.02 636.512 143.572
5 159.022 530.112 2.71037
6 159.023 123.091 580.035
0 160.047 179.713 661.671
1 160.049 712.625 628.926
2 160.05 654.492 610.962
3 160.052 430.248 33.1521
4 160.055 629.581 150.781
5 160.057 520.112 2.69591
6 160.058 130.182 572.984
0 161.082 189.642 662.861
1 161.083 712.653 618.926
2 161.083 647.376 603.937
3 161.084 429.684 43.1362
4 161.084 622.65 157.989
5 161.085 510.112 2.68144
6 161.086 137.273 565.933
0 162.11 199.571 664.052
1 162.111 712.682 608.926
2 162.111 640.259 596.911
3 162.112 429.119 53.1202
4 162.113 615.72 165.198
5 162.113 500.112 2.66698
6 162.114 144.364 558.882
0 163.139 209.5 665.243
1 163.14 712.711 598.926
2 163.141 633.143 589.885
3 163.141 428.555 63.1043
4 163.142 608.789 172.407
5 163.143 490.112 2.65251
6 163.143 151.455 551.831
0 164.167 219.428 666.434
1 164.168 712.739 588.926
2 164.172 626.027 582.86
3 164.172 427.991 73.0884
4 164.173 601.858 179.615
5 164.174 480.112 2.63805
6 164.174 158.546 544.78
0 165.198 229.357 667.625
1 165.199 712.768 578.926
2 165.2 618.911 575.834
3 165.2 427.426 83.0724
4 165.201 594.928 186.824
5 165.202 470.112 2.62358
6 165.202 165.637 537.729
0 166.227 239.286 668.816
1 166.228 712.797 568.926
2 166.229 611.794 568.809
3 166.231 426.862 93.0565
4 166.233 587.997 194.033
5 166.234 460.112 2.60912
6 166.234 172.728 530.677
0 167.256 249.215 670.007
1 167.257 712.825 558.926
2 167.257 604.678 561.783
3 167.258 426.297 103.041
4 167.258 581.066 201.241
5 167.259 450.112 2.59465
6 167.259 179.819 523.626
0 168.288 259.144 671.198
1 168.29 712.854 548.926
2 168.291 597.562 554.758
3 168.293 425.733 113.025
4 168.295 574.135 208.45
5 168.297 440.112 2.58019
6 168.299 186.91 516.575
0 169.334 269.073 672.389
1 169.336 712.883 538.926
2 169.337 590.445 547.732
3 169.338 425.169 123.009
4 169.339 567.205 215.659
5 169.342 430.112 2.56572
6 169.343 194.002 509.524
0 170.366 279.001 673.58
1 170.367 712.911 528.926
2 170.368 583.329 540.707
3 170.37 424.604 132.993
4 170.371 560.274 222.867
5 170.373 420.112 2.55126
6 170.373 201.093 502.473
0 171.395 288.93 674.771
1 171.396 712.94 518.926
2 171.397 576.213 533.681
3 171.399 424.04 142.977
4 171.401 553.343 230.076
5 171.402 410.112 2.5368
6 171.402 208.184 495.422
0 172.424 298.859 675.962
1 172.425 712.969 508.926
2 172.427 569.097 526.656
3 172.429 423.475 152.961
4 172.43 546.412 237.285
5 172.43 400.112 2.52233
6 172.431 215.275 488.371
0 173.455 308.788 677.153
1 173.456 712.997 498.926
2 173.457 561.98 519.63
3 173.457 422.911 162.945
4 173.458 539.482 244.493
5 173.46 390.112 2.50787
6 173.461 222.366 481.32
0 174.486 318.717 678.344
1 174.487 713.026 488.926
2 174.488 554.864 512.604
3 174.488 422.347 172.929
4 174.489 532.551 251.702
5 174.489 380.112 2.4934
6 174.491 229.457 474.269
0 175.515 328.646 679.535
1 175.517 713.055 478.926
2 175.518 547.748 505.579
3 175.52 421.782 182.913
4 175.52 525.62 258.911
5 175.521 370.112 2.47894
6 175.522 236.548 467.218
0 176.546 338.574 680.726
1 176.547 713.083 468.926
2 176.548 540.631 498.553
3 176.548 421.218 192.897
4 176.549 518.689 266.119
5 176.55 360.112 2.46447
6 176.55 243.639 460.167
0 177.576 348.503 681.917
1 177.577 713.112 458.927
2 177.577 533.515 491.528
3 177.578 420.653 202.881
4 177.578 511.759 273.328
5 177.579 350.112 2.45001
6 177.58 250.73 453.116
0 178.604 358.432 683.108
1 178.605 713.14 448.927
2 178.606 526.399 484.502
3 178.606 420.089 212.865
4 178.607 504.828 280.537
5 178.608 340.112 2.43554
6 178.609 257.821 446.065
0 179.636 368.361 684.299
1 179.637 713.169 438.927
2 179.639 519.282 477.477
3 179.639 419.525 222.849
4 179.64 497.897 287.745
5 179.641 330.112 2.42108
6 179.641 264.912 439.014
0 180.665 378.29 685.49
1 180.665 713.198 428.927
2 180.666 512.166 470.451
3 180.667 418.96 232.833
4 180.667 490.966 294.954
5 180.67 320.112 2.40661
6 180.671 272.003 431.963
0 181.7 388.219 686.681
1 181.702 713.226 418.927
2 181.702 505.05 463.426
3 181.703 418.396 242.817
4 181.704 484.036 302.163
5 181.704 310.112 2.39215
6 181.705 279.094 424.912
0 182.728 398.147 687.872
1 182.728 713.255 408.927
2 182.729 497.934 456.4
3 182.73 417.832 252.801
4 182.731 477.105 309.371
5 182.733 300.112 2.37769
6 182.735 286.185 417.861
0 183.756 408.076 689.063
1 183.758 713.284 398.927
2 183.76 490.817 449.375
3 183.762 417.267 262.786
4 183.764 470.174 316.58
5 183.765 290.112 2.36322
6 183.766 293.276 410.81
0 184.787 418.005 690.254
1 184.788 713.312 388.927
2 184.789 483.701 442.349
3 184.791 416.703 272.77
4 184.793 463.244 323.789
5 184.794 280.112 2.34876
6 184.794 300.368 403.759
0 185.818 427.934 691.445
1 185.818 713.341 378.927
2 185.819 476.585 435.323
3 185.821 416.138 282.754
4 185.823 456.313 330.997
5 185.824 270.112 2.33429
6 185.824 307.459 396.708
0 186.846 437.863 692.636
1 186.847 713.37 368.927
2 186.849 469.468 428.298
3 186.851 415.574 292.738
4 186.852 449.382 338.206
5 186.852 260.112 2.31983
6 186.853 314.55 389.657
0 187.876 447.791 693.827
1 187.878 713.398 358.927
2 187.879 462.352 421.272
3 187.88 415.01 302.722
4 187.881 442.451 345.415
5 187.882 250.112 2.30536
6 187.882 321.641 382.606
0 188.909 457.72 695.018
1 188.91 713.427 348.927
2 188.912 455.236 414.247
3 188.914 414.445 312.706
4 188.916 435.521 352.623
5 188.918 240.112 2.2909
6 188.918 328.732 375.555
0 189.94 467.649 696.209
1 189.941 713.456 338.927
2 189.942 448.119 407.221
3 189.942 413.881 322.69
4 189.943 428.59 359.832
5 189.944 230.112 2.27643
6 189.944 335.823 368.504
0 190.972 477.578 697.4
1 190.973 713.484 328.927
2 190.975 441.003 400.196
3 190.976 413.316 332.674
4 190.978 421.659 367.041
5 190.98 220.112 2.26197
6 190.981 342.914 361.453
0 192.009 487.507 698.591
1 192.01 713.513 318.927
2 192.01 433.887 393.17
3 192.011 412.752 342.658
4 192.012 414.728 374.249
5 192.014 210.112 2.24751
6 192.015 350.005 354.402
0 193.039 497.436 699.782
1 193.04 713.542 308.927
2 193.041 426.771 386.145
3 193.042 412.188 352.642
4 193.044 407.798 381.458
5 193.046 200.112 2.23304
6 193.047 357.096 347.351
0 194.072 507.364 700.973
1 194.075 713.57 298.927
2 194.076 419.654 379.119
3 194.078 411.623 362.626
4 194.081 400.867 388.667
5 194.083 190.112 2.21858
6 194.085 364.187 340.3
0 195.122 517.293 702.164
1 195.123 713.599 288.927
2 195.124 412.538 372.093
3 195.124 411.059 372.61
4 195.126 393.936 395.875
5 195.127 180.112 2.20411
6 195.128 371.278 333.249
0 196.158 527.222 703.355
1 196.159 713.628 278.927
2 196.16 405.422 365.068
3 196.161 410.494 382.594
4 196.161 387.005 403.084
5 196.162 170.112 2.18965
6 196.162 378.369 326.198
0 197.187 537.151 704.546
1 197.188 713.656 268.927
2 197.189 398.305 358.042
3 197.189 409.93 392.578
4 197.19 380.075 410.293
5 197.19 160.112 2.17518
6 197.191 385.46 319.147
0 198.216 547.08 705.737
1 198.216 713.685 258.927
2 198.217 391.189 351.017
3 198.218 409.366 402.562
4 198.218 373.144 417.501
5 198.219 150.112 2.16072
6 198.219 392.551 312.096
0 199.244 557.009 706.928
1 199.245 713.714 248.927
2 199.246 384.073 343.991
3 199.246 408.801 412.546
4 199.247 366.213 424.71
5 199.248 140.112 2.14625
6 199.248 399.642 305.045
0 200.274 566.937 708.119
1 200.274 713.742 238.927
2 200.275 376.957 336.966
3 200.276 408.237 422.53
4 200.276 359.283 431.919
5 200.277 130.112 2.13179
6 200.277 406.734 297.994
0 201.305 576.866 709.31
1 201.307 713.771 228.927
2 201.308 369.84 329.94
3 201.309 407.672 432.515
4 201.311 352.352 439.127
5 201.313 120.112 2.11732
6 201.315 413.825 290.943
0 202.336 586.795 710.5
1 202.337 713.8 218.928
2 202.337 362.724 322.915
3 202.338 407.108 442.499
4 202.34 345.421 446.336
5 202.342 110.112 2.10286
6 202.343 420.916 283.892
0 203.366 596.724 711.691
1 203.366 713.828 208.928
2 203.367 355.608 315.889
3 203.369 406.544 452.483
4 203.371 338.49 453.545
5 203.372 100.112 2.0884
6 203.372 428.007 276.841
0 204.394 606.653 712.882
1 204.395 713.857 198.928
2 204.395 348.491 308.864
3 204.396 405.979 462.467
4 204.397 331.56 460.753
5 204.399 90.112 2.07393
6 204.401 435.098 269.79
0 205.428 616.582 714.073
1 205.429 713.886 188.928
2 205.431 341.375 301.838
3 205.433 405.415 472.451
4 205.435 324.629 467.962
5 205.437 80.112 2.05947
6 205.438 442.189 262.739
0 206.47 626.51 715.264
1 206.472 713.914 178.928
2 206.473 334.259 294.812
3 206.475 404.851 482.435
4 206.477 317.698 475.171
5 206.479 70.112 2.045
6 206.48 449.28 255.688
0 207.502 636.439 716.455
1 207.503 713.943 168.928
2 207.503 327.142 287.787
3 207.504 404.286 492.419
4 207.506 310.767 482.379
5 207.508 60.112 2.03054
6 207.509 456.371 248.637
0 208.533 646.368 717.646
1 208.535 713.972 158.928
2 208.536 320.026 280.761
3 208.537 403.722 502.403
4 208.539 303.837 489.588
5 208.541 50.112 2.01607
6 208.542 463.462 241.586
0 209.565 656.297 718.837
1 209.567 714 148.928
2 209.569 312.91 273.736
3 209.572 403.157 512.387
4 209.574 296.906 496.797
5 209.574 40.112 2.00161
6 209.575 470.553 234.535
0 210.597 666.226 720.028
2 211.016 305.794 266.71
3 211.017 402.593 522.371
4 211.017 289.975 504.005
6 211.409 477.644 227.484
0 212.437 676.154 721.219
1 212.438 709.337 157.774
2 212.44 298.677 259.685
3 212.441 402.029 532.355
4 212.442 283.044 511.214
5 212.444 39.8581 11.9984
6 212.446 484.735 220.433
0 213.481 686.083 722.41
1 213.482 704.673 166.62
2 213.482 291.561 252.659
3 213.484 401.464 542.339
4 213.487 276.114 518.423
5 213.488 39.6042 21.9952
6 213.488 491.826 213.382
1 214.851 700.01 175.466
2 214.852 284.445 245.634
3 214.852 400.9 552.323
4 214.853 269.183 525.631
5 214.853 39.3503 31.9919
6 214.854 498.917 206.331
0 215.877 679.014 715.337
1 215.878 695.347 184.312
2 215.878 277.328 238.608
3 215.88 400.335 562.307
4 215.881 262.252 532.84
5 215.883 39.0964 41.9887
6 215.884 506.008 199.28
0 216.908 671.945 708.264
1 216.909 690.683 193.158
2 216.91 270.212 231.582
3 216.911 399.771 572.291
4 216.914 255.322 540.049
5 216.915 38.8425 51.9855
6 216.917 513.1 192.229
0 217.946 664.876 701.191
1 217.948 686.02 202.004
2 217.95 263.096 224.557
3 217.952 399.207 582.275
4 217.954 248.391 547.257
5 217.957 38.5886 61.9823
6 217.958 520.191 185.178
0 218.996 657.806 694.119
1 218.997 681.356 210.85
2 218.997 255.98 217.531
3 218.999 398.642 592.26
4 219.001 241.46 554.466
5 219.003 38.3347 71.979
6 219.003 527.282 178.127
0 220.026 650.737 687.046
1 220.027 676.693 219.696
2 220.028 248.863 210.506
3 220.028 398.078 602.244
4 220.029 234.529 561.675
5 220.03 38.0808 81.9758
6 220.03 534.373 171.076
0 221.054 643.668 679.973
1 221.054 672.03 228.542
2 221.055 241.747 203.48
3 221.057 397.513 612.228
4 221.059 227.599 568.883
5 221.06 37.8269 91.9726
6 221.061 541.464 164.025
0 222.082 636.599 672.9
1 222.083 667.366 237.388
2 222.083 234.631 196.455
3 222.084 396.949 622.212
4 222.085 220.668 576.092
5 222.085 37.573 101.969
6 222.086 548.555 156.974
0 223.11 629.53 665.827
1 223.111 662.703 246.234
2 223.111 227.514 189.429
3 223.112 396.385 632.196
4 223.113 213.737 583.301
5 223.113 37.3191 111.966
6 223.114 555.646 149.923
0 224.137 622.46 658.754
1 224.139 658.039 255.08
2 224.14 220.398 182.404
3 224.14 395.82 642.18
4 224.141 206.806 590.509
5 224.142 37.0652 121.963
6 224.142 562.737 142.872
0 225.166 615.391 651.681
1 225.167 653.376 263.926
2 225.167 213.282 175.378
4 225.379 199.876 597.718
5 225.38 36.8113 131.96
6 225.381 569.828 135.821
0 226.402 608.322 644.608
1 226.402 648.712 272.773
2 226.404 206.165 168.353
3 226.406 400.44 633.311
4 226.408 192.945 604.927
5 226.409 36.5574 141.956
6 226.409 576.919 128.77
0 227.433 601.253 637.535
1 227.435 644.049 281.619
2 227.436 199.049 161.327
3 227.438 405.06 624.442
4 227.438 186.014 612.135
5 227.439 36.3035 151.953
6 227.44 584.01 121.719
0 228.463 594.184 630.462
1 228.463 639.386 290.465
2 228.464 191.933 154.301
3 228.466 409.679 615.573
4 228.468 179.083 619.344
5 228.469 36.0496 161.95
6 228.469 591.101 114.668
0 229.494 587.114 623.389
1 229.496 634.722 299.311
2 229.498 184.817 147.276
3 229.5 414.299 606.704
4 229.502 172.153 626.553
5 229.503 35.7957 171.947
6 229.504 598.192 107.617
0 230.528 580.045 616.316
1 230.529 630.059 308.157
2 230.53 177.7 140.25
3 230.532 418.919 597.835
4 230.533 165.222 633.762
5 230.534 35.5418 181.944
6 230.535 605.283 100.566
0 231.556 572.976 609.243
1 231.558 625.395 317.003
2 231.56 170.584 133.225
3 231.561 423.538 588.966
4 231.562 158.291 640.97
5 231.562 35.2879 191.94
6 231.563 612.374 93.5147
0 232.586 565.907 602.17
1 232.587 620.732 325.849
2 232.588 163.468 126.199
3 232.59 428.158 580.097
4 232.592 151.36 648.179
5 232.592 35.034 201.937
6 232.593 619.466 86.4637
0 233.615 558.838 595.097
1 233.616 616.069 334.695
2 233.616 156.351 119.174
3 233.618 432.778 571.228
4 233.62 144.43 655.388
5 233.621 34.7801 211.934
6 233.622 626.557 79.4127
0 234.643 551.768 588.025
1 234.644 611.405 343.541
2 234.645 149.235 112.148
3 234.647 437.398 562.359
4 234.649 137.499 662.596
5 234.65 34.5262 221.931
6 234.65 633.648 72.3617
0 235.673 544.699 580.952
1 235.674 606.742 352.387
2 235.675 142.119 105.123
3 235.678 442.017 553.49
4 235.68 130.568 669.805
5 235.681 34.2723 231.927
0 236.974 537.63 573.879
1 236.975 602.078 361.233
2 236.976 135.002 98.0971
3 236.976 446.637 544.621
4 236.977 123.638 677.014
5 236.977 34.0184 241.924
6 236.978 623.681 71.5426
0 238.005 530.561 566.806
1 238.007 597.415 370.079
2 238.009 127.886 91.0715
3 238.01 451.257 535.752
4 238.011 116.707 684.222
5 238.013 33.7645 251.921
6 238.014 613.715 70.7236
0 239.052 523.492 559.733
1 239.053 592.752 378.925
2 239.054 120.77 84.046
3 239.054 455.876 526.883
4 239.056 109.776 691.431
5 239.057 33.5106 261.918
6 239.059 603.748 69.9046
0 240.082 516.422 552.66
1 240.084 588.088 387.771
2 240.085 113.654 77.0204
3 240.087 460.496 518.014
4 240.089 102.845 698.64
5 240.09 33.2567 271.915
6 240.092 593.782 69.0855
0 241.127 509.353 545.587
1 241.128 583.425 396.617
2 241.13 106.537 69.9949
3 241.131 465.116 509.145
4 241.132 95.9146 705.848
5 241.132 33.0028 281.911
6 241.133 583.816 68.2665
0 242.155 502.284 538.514
1 242.156 578.761 405.463
2 242.158 99.421 62.9693
3 242.159 469.735 500.277
4 242.16 88.9839 713.057
5 242.16 32.7489 291.908
6 242.161 573.849 67.4475
0 243.186 495.215 531.441
1 243.188 574.098 414.309
2 243.189 92.3047 55.9438
3 243.191 474.355 491.408
5 243.423 32.4949 301.905
6 243.423 563.883 66.6285
0 244.444 488.146 524.368
1 244.445 569.434 423.155
2 244.446 85.1884 48.9182
3 244.448 478.975 482.539
4 244.449 88.5003 703.069
5 244.45 32.241 311.902
6 244.45 553.916 65.8094
0 245.472 481.076 517.295
1 245.474 564.771 432.001
2 245.475 78.0721 41.8927
3 245.476 483.595 473.67
4 245.477 88.0168 693.08
5 245.477 31.9871 321.898
6 245.478 543.95 64.9904
0 246.502 474.007 510.222
1 246.504 560.108 440.847
2 246.505 70.9558 34.8671
3 246.506 488.214 464.801
4 246.508 87.5333 683.092
5 246.511 31.7332 331.895
6 246.511 533.984 64.1714
0 247.534 466.938 503.149
1 247.536 555.444 449.694
2 247.537 63.8395 27.8416
3 247.538 492.834 455.932
4 247.539 87.0497 673.104
5 247.539 31.4793 341.892
6 247.54 524.017 63.3523
0 248.563 459.869 496.076
1 248.565 550.781 458.54
3 248.797 497.454 447.063
4 248.798 86.5662 663.115
5 248.798 31.2254 351.889
6 248.799 514.051 62.5333
0 249.82 452.8 489.004
1 249.822 546.117 467.386
2 249.824 66.8826 37.3673
3 249.826 502.073 438.194
4 249.828 86.0827 653.127
5 249.828 30.9715 361.886
6 249.829 504.084 61.7143
0 250.852 445.73 481.931
1 250.853 541.454 476.232
2 250.853 69.9258 46.893
3 250.856 506.693 429.325
4 250.858 85.5991 643.139
5 250.859 30.7176 371.882
6 250.859 494.118 60.8952
0 251.885 438.661 474.858
1 251.886 536.791 485.078
2 251.887 72.9689 56.4188
3 251.887 511.313 420.456
4 251.888 85.1156 633.15
5 251.889 30.4637 381.879
6 251.89 484.152 60.0762
0 252.913 431.592 467.785
1 252.914 532.127 493.924
2 252.915 76.012 65.9445
3 252.915 515.933 411.587
4 252.916 84.6321 623.162
5 252.917 30.2098 391.876
6 252.917 474.185 59.2572
0 253.942 424.523 460.712
1 253.943 527.464 502.77
2 253.944 79.0551 75.4702
3 253.945 520.552 402.718
4 253.946 84.1485 613.174
5 253.946 29.9559 401.873
6 253.947 464.219 58.4381
0 254.971 417.454 453.639
1 254.972 522.8 511.616
2 254.973 82.0982 84.9959
3 254.974 525.172 393.849
4 254.974 83.665 603.186
5 254.975 29.702 411.869
6 254.977 454.252 57.6191
0 256 410.384 446.566
1 256.001 518.137 520.462
2 256.002 85.1413 94.5217
3 256.002 529.792 384.98
4 256.003 83.1814 593.197
5 256.003 29.4481 421.866
6 256.004 444.286 56.8001
0 257.029 403.315 439.493
1 257.03 513.474 529.308
2 257.03 88.1844 104.047
3 257.031 534.411 376.111
4 257.031 82.6979 583.209
5 257.032 29.1942 431.863
6 257.033 434.32 55.981
0 258.057 396.246 432.42
1 258.058 508.81 538.154
2 258.059 91.2276 113.573
3 258.061 539.031 367.242
4 258.063 82.2144 573.221
5 258.064 28.9403 441.86
6 258.065 424.353 55.162
0 259.085 389.177 425.347
1 259.086 504.147 547
2 259.087 94.2707 123.099
3 259.087 543.651 358.373
4 259.089 81.7308 563.232
5 259.091 28.6864 451.857
6 259.092 414.387 54.343
0 260.114 382.108 418.274
1 260.115 499.483 555.846
2 260.116 97.3138 132.625
3 260.119 548.27 349.504
4 260.12 81.2473 553.244
5 260.121 28.4325 461.853
6 260.122 404.42 53.524
0 261.143 375.038 411.201
1 261.143 494.82 564.692
2 261.144 100.357 142.15
3 261.146 552.89 340.635
4 261.147 80.7638 543.256
5 261.149 28.1786 471.85
6 261.149 394.454 52.7049
0 262.171 367.969 404.128
1 262.171 490.157 573.538
2 262.172 103.4 151.676
3 262.174 557.51 331.766
4 262.176 80.2802 533.267
5 262.177 27.9247 481.847
6 262.178 384.488 51.8859
0 263.199 360.9 397.055
1 263.2 485.493 582.384
2 263.201 106.443 161.202
3 263.203 562.13 322.897
4 263.208 79.7967 523.279
5 263.209 27.6708 491.844
6 263.209 374.521 51.0669
0 264.231 353.831 389.982
1 264.232 480.83 591.23
2 264.233 109.486 170.727
3 264.235 566.749 314.029
4 264.236 79.3132 513.291
5 264.237 27.4169 501.84
6 264.238 364.555 50.2478
0 265.26 346.762 382.91
1 265.262 476.166 600.076
2 265.265 112.529 180.253
3 265.266 571.369 305.16
4 265.267 78.8296 503.303
5 265.268 27.163 511.837
6 265.268 354.588 49.4288
0 266.298 339.692 375.837
1 266.299 471.503 608.922
2 266.299 115.572 189.779
3 266.3 575.989 296.291
4 266.301 78.3461 493.314
5 266.302 26.9091 521.834
6 266.303 344.622 48.6098
0 267.333 332.623 368.764
1 267.335 466.839 617.768
2 267.336 118.616 199.305
3 267.337 580.608 287.422
4 267.337 77.8625 483.326
5 267.34 26.6552 531.831
6 267.341 334.656 47.7907
0 268.366 325.554 361.691
1 268.367 462.176 626.615
2 268.368 121.659 208.83
3 268.369 585.228 278.553
4 268.37 77.379 473.338
5 268.372 26.4013 541.828
6 268.373 324.689 46.9717
0 269.396 318.485 354.618
1 269.398 457.513 635.461
2 269.399 124.702 218.356
3 269.399 589.848 269.684
4 269.4 76.8955 463.349
5 269.401 26.1474 551.824
6 269.402 314.723 46.1527
0 270.433 311.415 347.545
1 270.433 452.849 644.307
2 270.434 127.745 227.882
3 270.435 594.467 260.815
4 270.436 76.4119 453.361
5 270.436 25.8935 561.821
6 270.437 304.756 45.3336
0 271.464 304.346 340.472
1 271.465 448.186 653.153
2 271.467 130.788 237.408
3 271.469 599.087 251.946
4 271.472 75.9284 443.373
5 271.473 25.6396 571.818
6 271.474 294.79 44.5146
0 272.5 297.277 333.399
1 272.501 443.522 661.999
2 272.501 133.831 246.933
3 272.502 603.707 243.077
4 272.503 75.4449 433.384
5 272.503 25.3857 581.815
6 272.504 284.824 43.6956
0 273.527 290.208 326.326
1 273.528 438.859 670.845
2 273.528 136.874 256.459
3 273.529 608.327 234.208
4 273.53 74.9613 423.396
5 273.531 25.1318 591.811
6 273.533 274.857 42.8765
0 274.554 283.139 319.253
1 274.555 434.196 679.691
2 274.556 139.917 265.985
3 274.558 612.946 225.339
4 274.559 74.4778 413.408
5 274.56 24.8779 601.808
6 274.561 264.891 42.0575
0 275.587 276.069 312.18
1 275.588 429.532 688.537
2 275.589 142.961 275.51
3 275.589 617.566 216.47
4 275.59 73.9943 403.419
6 275.765 254.924 41.2385
0 276.788 269 305.107
1 276.792 424.869 697.383
2 276.793 146.004 285.036
3 276.794 622.186 207.601
4 276.795 73.5107 393.431
5 276.797 34.7793 603.209
6 276.799 244.958 40.4195
0 277.821 261.931 298.034
1 277.821 420.205 706.229
2 277.822 149.047 294.562
3 277.824 626.805 198.732
4 277.826 73.0272 383.443
5 277.827 44.6807 604.609
6 277.828 234.992 39.6004
0 278.85 254.862 290.961
1 278.851 415.542 715.075
2 278.852 152.09 304.088
3 278.854 631.425 189.863
4 278.855 72.5436 373.455
5 278.857 54.5822 606.01
6 278.857 225.025 38.7814
0 279.881 247.793 283.889
2 280.014 155.133 313.613
3 280.015 636.045 180.994
4 280.015 72.0601 363.466
5 280.016 64.4836 607.411
6 280.016 215.059 37.9624
0 281.041 240.723 276.816
1 281.043 405.542 715.003
2 281.045 158.176 323.139
4 281.181 71.5766 353.478
5 281.182 74.385 608.811
6 281.182 205.092 37.1433
0 282.207 233.654 269.743
1 282.209 395.542 714.932
2 282.211 161.219 332.665
3 282.213 637.502 190.887
4 282.215 71.093 343.49
5 282.217 84.2865 610.212
6 282.219 195.126 36.3243
0 283.255 226.585 262.67
1 283.256 385.543 714.86
2 283.257 164.262 342.191
3 283.258 638.959 200.781
4 283.26 70.6095 333.501
5 283.262 94.1879 611.612
6 283.263 185.16 35.5053
0 284.291 219.516 255.597
1 284.292 375.543 714.788
2 284.292 167.305 351.716
3 284.293 640.416 210.674
4 284.294 70.126 323.513
5 284.294 104.089 613.013
6 284.295 175.193 34.6862
0 285.321 212.447 248.524
1 285.322 365.543 714.717
2 285.322 170.349 361.242
3 285.323 641.873 220.567
4 285.323 69.6424 313.525
5 285.324 113.991 614.413
6 285.325 165.227 33.8672
0 286.353 205.377 241.451
1 286.354 355.544 714.645
2 286.355 173.392 370.768
3 286.357 643.33 230.461
4 286.358 69.1589 303.536
5 286.359 123.892 615.814
6 286.36 155.26 33.0482
0 287.385 198.308 234.378
1 287.386 345.544 714.573
2 287.386 176.435 380.293
3 287.387 644.787 240.354
4 287.388 68.6754 293.548
5 287.388 133.794 617.215
6 287.389 145.294 32.2291
0 288.412 191.239 227.305
1 288.412 335.544 714.502
2 288.413 179.478 389.819
3 288.414 646.243 250.247
4 288.414 68.1918 283.56
5 288.415 143.695 618.615
6 288.415 135.327 31.4101
0 289.438 184.17 220.232
1 289.439 325.544 714.43
2 289.439 182.521 399.345
3 289.44 647.7 260.141
4 289.441 67.7083 273.572
5 289.441 153.596 620.016
6 289.442 125.361 30.5911
0 290.466 177.101 213.159
1 290.467 315.545 714.358
2 290.47 185.564 408.871
3 290.473 649.157 270.034
4 290.474 67.2247 263.583
5 290.475 163.498 621.416
6 290.475 115.395 29.772
0 291.496 170.031 206.086
1 291.497 305.545 714.287
2 291.498 188.607 418.396
3 291.499 650.614 279.927
4 291.501 66.7412 253.595
5 291.502 173.399 622.817
6 291.503 105.428 28.953
0 292.524 162.962 199.013
1 292.525 295.545 714.215
2 292.525 191.65 427.922
3 292.527 652.071 289.82
4 292.529 66.2577 243.607
5 292.53 183.301 624.218
0 293.664 155.893 191.94
1 293.666 285.545 714.143
2 293.669 194.693 437.448
3 293.67 653.528 299.714
4 293.672 65.7741 233.618
5 293.672 193.202 625.618
6 293.673 112.529 35.994
0 294.694 148.824 184.867
1 294.696 275.546 714.072
2 294.698 197.737 446.974
3 294.699 654.985 309.607
4 294.699 65.2906 223.63
5 294.7 203.104 627.019
6 294.701 119.63 43.0349
0 295.723 141.755 177.795
1 295.724 265.546 714
2 295.725 200.78 456.499
3 295.727 656.442 319.5
4 295.729 64.8071 213.642
5 295.73 213.005 628.419
6 295.731 126.731 50.0759
0 296.752 134.685 170.722
1 296.754 255.546 713.928
2 296.755 203.823 466.025
3 296.757 657.899 329.394
4 296.757 64.3235 203.653
5 296.758 222.907 629.82
6 296.759 133.833 57.1168
0 297.781 127.616 163.649
1 297.782 245.546 713.857
2 297.783 206.866 475.551
3 297.785 659.356 339.287
4 297.787 63.84 193.665
5 297.788 232.808 631.221
6 297.788 140.934 64.1578
0 298.809 120.547 156.576
1 298.81 235.547 713.785
2 298.812 209.909 485.076
3 298.813 660.813 349.18
4 298.814 63.3565 183.677
5 298.815 242.709 632.621
6 298.815 148.035 71.1987
0 299.838 113.478 149.503
1 299.839 225.547 713.713
2 299.84 212.952 494.602
3 299.842 662.27 359.074
4 299.843 62.8729 173.689
5 299.844 252.611 634.022
6 299.845 155.136 78.2397
0 300.869 106.409 142.43
1 300.87 215.547 713.642
2 300.871 215.995 504.128
3 300.872 663.727 368.967
4 300.873 62.3894 163.7
5 300.875 262.512 635.422
6 300.877 162.237 85.2806
0 301.899 99.3394 135.357
1 301.899 205.547 713.57
2 301.9 219.038 513.654
3 301.901 665.184 378.86
4 301.901 61.9058 153.712
5 301.902 272.414 636.823
6 301.902 169.338 92.3216
0 302.927 92.2702 128.284
1 302.927 195.548 713.498
2 302.928 222.082 523.179
3 302.929 666.641 388.753
4 302.929 61.4223 143.724
5 302.93 282.315 638.224
6 302.931 176.439 99.3625
0 303.954 85.201 121.211
1 303.955 185.548 713.427
2 303.956 225.125 532.705
3 303.956 668.098 398.647
4 303.957 60.9388 133.735
5 303.958 292.217 639.624
6 303.958 183.54 106.403
0 304.982 78.1318 114.138
1 304.983 175.548 713.355
2 304.984 228.168 542.231
3 304.984 669.555 408.54
5 305.076 302.118 641.025
6 305.08 190.641 113.444
0 306.101 71.0626 107.065
1 306.101 165.548 713.283
2 306.103 231.211 551.756
3 306.104 671.012 418.433
4 306.106 68.0017 140.815
5 306.107 312.019 642.425
6 306.107 197.742 120.485
0 307.129 63.9934 99.9923
1 307.129 155.549 713.212
2 307.13 234.254 561.282
3 307.13 672.469 428.327
4 307.131 75.0646 147.894
5 307.132 321.921 643.826
6 307.132 204.843 127.526
1 308.239 145.549 713.14
2 308.239 237.297 570.808
3 308.24 673.926 438.22
4 308.241 82.1274 154.973
5 308.241 331.822 645.226
6 308.242 211.944 134.567
0 309.266 73.8998 98.628
1 309.267 135.549 713.068
2 309.268 240.34 580.334
3 309.269 675.383 448.113
4 309.271 89.1903 162.052
5 309.272 341.724 646.627
6 309.273 219.045 141.608
0 310.294 83.8063 97.2637
1 310.295 125.549 712.997
2 310.296 243.383 589.859
3 310.296 676.84 458.006
4 310.297 96.2532 169.131
5 310.298 351.625 648.028
6 310.298 226.146 148.649
0 311.321 93.7128 95.8993
2 311.388 246.426 599.385
3 311.389 678.296 467.9
4 311.39 103.316 176.211
5 311.39 361.527 649.428
6 311.391 233.247 155.69
0 312.411 103.619 94.535
1 312.412 132.467 705.776
2 312.413 249.47 608.911
3 312.414 679.753 477.793
4 312.414 110.379 183.29
5 312.415 371.428 650.829
6 312.416 240.348 162.731
0 313.438 113.526 93.1707
1 313.438 139.385 698.554
2 313.439 252.513 618.437
3 313.44 681.21 487.686
4 313.441 117.442 190.369
5 313.443 381.329 652.229
6 313.444 247.449 169.772
0 314.465 123.432 91.8064
1 314.466 146.302 691.333
2 314.467 255.556 627.962
3 314.469 682.667 497.58
4 314.471 124.505 197.448
5 314.472 391.231 653.63
6 314.473 254.55 176.813
0 315.494 133.339 90.4421
1 315.495 153.22 684.112
2 315.496 258.599 637.488
3 315.497 684.124 507.473
4 315.499 131.568 204.528
5 315.5 401.132 655.031
6 315.501 261.652 183.854
0 316.526 143.245 89.0777
1 316.527 160.138 676.891
2 316.528 261.642 647.014
3 316.53 685.581 517.366
4 316.531 138.631 211.607
5 316.532 411.034 656.431
6 316.533 268.753 190.895
0 317.558 153.152 87.7134
1 317.56 167.055 669.67
2 317.562 264.685 656.539
3 317.564 687.038 527.26
4 317.566 145.693 218.686
5 317.568 420.935 657.832
6 317.569 275.854 197.936
0 318.596 163.058 86.3491
1 318.597 173.973 662.448
2 318.597 267.728 666.065
4 318.657 152.756 225.765
5 318.658 430.837 659.232
6 318.658 282.955 204.977
0 319.681 172.965 84.9848
1 319.682 180.891 655.227
2 319.683 270.771 675.591
3 319.683 687.037 517.26
4 319.684 159.819 232.845
5 319.686 440.738 660.633
6 319.688 290.056 212.018
0 320.71 182.871 83.6205
1 320.71 187.808 648.006
2 320.711 273.814 685.117
3 320.713 687.035 507.26
4 320.714 166.882 239.924
5 320.716 450.639 662.034
6 320.716 297.157 219.059
0 321.736 192.778 82.2562
1 321.737 194.726 640.785
2 321.739 276.858 694.642
3 321.741 687.034 497.26
4 321.742 173.945 247.003
5 321.743 460.541 663.434
6 321.743 304.258 226.1
0 322.766 202.684 80.8918
1 322.767 201.644 633.563
2 322.768 279.901 704.168
3 322.769 687.033 487.26
4 322.769 181.008 254.082
5 322.77 470.442 664.835
6 322.77 311.359 233.141
0 323.793 212.591 79.5275
1 323.793 208.561 626.342
2 323.794 282.944 713.694
3 323.795 687.031 477.26
4 323.795 188.071 261.162
5 323.797 480.344 666.235
6 323.798 318.46 240.182
0 324.821 222.497 78.1632
1 324.822 215.479 619.121
3 324.876 687.03 467.26
4 324.877 195.134 268.241
5 324.878 490.245 667.636
6 324.878 325.561 247.223
0 325.9 232.404 76.7989
1 325.901 222.397 611.9
2 325.902 286.078 704.198
3 325.903 687.028 457.26
4 325.903 202.197 275.32
5 325.904 500.147 669.037
6 325.904 332.662 254.263
0 326.927 242.31 75.4346
1 326.928 229.314 604.679
2 326.929 289.212 694.702
3 326.929 687.027 447.26
4 326.93 209.259 282.399
5 326.931 510.048 670.437
6 326.931 339.763 261.304
0 327.957 252.217 74.0702
1 327.958 236.232 597.457
2 327.959 292.346 685.205
3 327.96 687.025 437.26
4 327.961 216.322 289.478
5 327.962 519.949 671.838
6 327.964 346.864 268.345
0 328.986 262.123 72.7059
1 328.987 243.15 590.236
2 328.988 295.481 675.709
3 328.989 687.024 427.26
4 328.99 223.385 296.558
5 328.991 529.851 673.238
6 328.992 353.965 275.386
0 330.015 272.03 71.3416
1 330.016 250.067 583.015
2 330.017 298.615 666.213
3 330.017 687.023 417.26
4 330.018 230.448 303.637
5 330.019 539.752 674.639
6 330.019 361.066 282.427
0 331.042 281.936 69.9773
1 331.044 256.985 575.794
2 331.046 301.749 656.717
3 331.046 687.021 407.26
4 331.047 237.511 310.716
5 331.048 549.654 676.039
6 331.048 368.167 289.468
0 332.07 291.843 68.613
1 332.072 263.903 568.573
2 332.073 304.883 647.221
3 332.075 687.02 397.26
4 332.075 244.574 317.795
5 332.076 559.555 677.44
6 332.077 375.268 296.509
0 333.098 301.749 67.2487
1 333.101 270.82 561.351
2 333.104 308.017 637.725
3 333.105 687.018 387.26
4 333.106 251.637 324.875
5 333.106 569.457 678.841
6 333.107 382.369 303.55
0 334.129 311.656 65.8843
1 334.131 277.738 554.13
2 334.133 311.152 628.228
3 334.134 687.017 377.26
4 334.134 258.7 331.954
5 334.135 579.358 680.241
6 334.136 389.471 310.591
0 335.161 321.562 64.52
1 335.163 284.656 546.909
2 335.165 314.286 618.732
3 335.166 687.016 367.26
4 335.168 265.763 339.033
5 335.17 589.259 681.642
6 335.172 396.572 317.632
0 336.197 331.469 63.1557
1 336.199 291.573 539.688
2 336.2 317.42 609.236
3 336.202 687.014 357.26
4 336.205 272.826 346.112
5 336.207 599.161 683.042
6 336.208 403.673 324.673
0 337.233 341.375 61.7914
1 337.235 298.491 532.466
2 337.236 320.554 599.74
3 337.238 687.013 347.26
4 337.24 279.888 353.192
5 337.242 609.062 684.443
6 337.243 410.774 331.714
0 338.265 351.282 60.4271
1 338.266 305.409 525.245
2 338.267 323.688 590.244
3 338.269 687.011 337.26
4 338.271 286.951 360.271
6 338.324 417.875 338.755
0 339.345 361.188 59.0627
1 339.346 312.326 518.024
2 339.347 326.822 580.748
3 339.347 687.01 327.26
4 339.348 294.014 367.35
5 339.349 600.055 680.1
6 339.349 424.976 345.796
0 340.372 371.095 57.6984
1 340.372 319.244 510.803
2 340.373 329.957 571.252
3 340.374 687.009 317.26
4 340.374 301.077 374.429
5 340.375 591.047 675.757
6 340.376 432.077 352.837
0 341.4 381.001 56.3341
1 341.401 326.162 503.582
2 341.402 333.091 561.755
3 341.402 687.007 307.26
4 341.403 308.14 381.509
5 341.404 582.039 671.414
6 341.404 439.178 359.878
0 342.43 390.908 54.9698
1 342.431 333.079 496.36
2 342.432 336.225 552.259
3 342.434 687.006 297.26
4 342.435 315.203 388.588
5 342.436 573.032 667.071
6 342.437 446.279 366.919
0 343.461 400.814 53.6055
1 343.463 339.997 489.139
2 343.464 339.359 542.763
3 343.465 687.004 287.26
4 343.466 322.266 395.667
5 343.467 564.024 662.728
6 343.467 453.38 373.96
0 344.491 410.721 52.2412
1 344.492 346.915 481.918
2 344.493 342.493 533.267
3 344.495 687.003 277.26
4 344.497 329.329 402.746
5 344.499 555.016 658.385
6 344.499 460.481 381.001
0 345.521 420.627 50.8768
1 345.523 353.832 474.697
2 345.524 345.628 523.771
3 345.525 687.001 267.26
4 345.525 336.392 409.825
5 345.526 546.009 654.042
6 345.527 467.582 388.042
0 346.552 430.534 49.5125
1 346.554 360.75 467.476
2 346.555 348.762 514.275
3 346.557 687 257.26
4 346.559 343.454 416.905
5 346.561 537.001 649.699
6 346.562 474.683 395.082
0 347.586 440.44 48.1482
1 347.588 367.668 460.254
2 347.59 351.896 504.779
4 347.627 350.517 423.984
5 347.627 527.993 645.356
6 347.628 481.784 402.123
0 348.649 450.347 46.7839
1 348.649 374.585 453.033
2 348.65 355.03 495.282
3 348.651 677.485 254.184
4 348.651 357.58 431.063
5 348.653 518.986 641.013
6 348.655 488.885 409.164
0 349.679 460.253 45.4196
1 349.681 381.503 445.812
2 349.683 358.164 485.786
3 349.684 667.969 251.109
4 349.685 364.643 438.142
5 349.685 509.978 636.67
6 349.686 495.986 416.205
0 350.709 470.16 44.0552
1 350.71 388.421 438.591
2 350.711 361.299 476.29
3 350.713 658.454 248.033
4 350.715 371.706 445.222
5 350.715 500.97 632.327
6 350.716 503.087 423.246
0 351.737 480.066 42.6909
1 351.738 395.338 431.37
2 351.739 364.433 466.794
3 351.741 648.939 244.958
4 351.742 378.769 452.301
5 351.743 491.963 627.984
6 351.744 510.188 430.287
0 352.764 489.973 41.3266
1 352.765 402.256 424.148
2 352.766 367.567 457.298
3 352.768 639.423 241.883
4 352.77 385.832 459.38
5 352.77 482.955 623.641
6 352.771 517.29 437.328
0 353.792 499.879 39.9623
1 353.793 409.174 416.927
2 353.793 370.701 447.802
3 353.796 629.908 238.807
4 353.797 392.895 466.459
5 353.798 473.947 619.298
6 353.799 524.391 444.369
0 354.819 509.786 38.598
1 354.82 416.091 409.706
2 354.821 373.835 438.306
3 354.823 620.393 235.732
4 354.824 399.958 473.539
5 354.825 464.94 614.955
6 354.826 531.492 451.41
0 355.846 519.692 37.2337
1 355.847 423.009 402.485
2 355.848 376.97 428.809
3 355.85 610.877 232.656
4 355.852 407.02 480.618
5 355.853 455.932 610.612
6 355.853 538.593 458.451
0 356.878 529.599 35.8693
1 356.879 429.927 395.263
2 356.882 380.104 419.313
3 356.883 601.362 229.581
4 356.884 414.083 487.697
5 356.885 446.924 606.269
6 356.885 545.694 465.492
0 357.908 539.505 34.505
1 357.909 436.844 388.042
2 357.91 383.238 409.817
3 357.911 591.847 226.506
4 357.913 421.146 494.776
5 357.914 437.917 601.926
6 357.915 552.795 472.533
0 358.942 549.412 33.1407
1 358.942 443.762 380.821
2 358.943 386.372 400.321
3 358.944 582.331 223.43
4 358.944 428.209 501.856
5 358.945 428.909 597.583
6 358.946 559.896 479.574
0 359.969 559.318 31.7764
1 359.969 450.68 373.6
2 359.97 389.506 390.825
3 359.971 572.816 220.355
4 359.971 435.272 508.935
5 359.972 419.901 593.24
6 359.973 566.997 486.615
0 360.996 569.225 30.4121
1 360.997 457.597 366.379
2 360.999 392.64 381.329
3 361 563.3 217.279
4 361.001 442.335 516.014
5 361.002 410.894 588.896
6 361.002 574.098 493.656
0 362.025 579.131 29.0477
1 362.026 464.515 359.157
2 362.026 395.775 371.832
3 362.027 553.785 214.204
4 362.028 449.398 523.093
5 362.032 401.886 584.553
6 362.034 581.199 500.697
0 363.055 589.038 27.6834
1 363.056 471.433 351.936
2 363.057 398.909 362.336
3 363.059 544.27 211.129
4 363.061 456.461 530.172
5 363.062 392.878 580.21
6 363.063 588.3 507.738
0 364.085 598.944 26.3191
1 364.086 478.35 344.715
2 364.088 402.043 352.84
3 364.089 534.754 208.053
4 364.09 463.524 537.252
5 364.092 383.871 575.867
6 364.094 595.401 514.779
1 365.164 485.268 337.494
2 365.165 405.177 343.344
3 365.165 525.239 204.978
4 365.166 470.586 544.331
5 365.167 374.863 571.524
6 365.167 602.502 521.82
0 366.192 592.153 33.6591
1 366.193 492.186 330.273
2 366.194 408.311 333.848
3 366.195 515.724 201.902
4 366.197 477.649 551.41
5 366.197 365.855 567.181
6 366.199 609.603 528.861
0 367.22 585.361 40.9992
1 367.22 499.103 323.051
2 367.221 411.446 324.352
3 367.223 506.208 198.827
4 367.225 484.712 558.489
5 367.226 356.848 562.838
6 367.227 616.704 535.902
0 368.247 578.57 48.3392
1 368.248 506.021 315.83
2 368.249 414.58 314.856
3 368.25 496.693 195.752
4 368.251 491.775 565.569
5 368.254 347.84 558.495
6 368.255 623.805 542.942
0 369.281 571.778 55.6793
1 369.282 512.939 308.609
2 369.283 417.714 305.359
3 369.283 487.178 192.676
4 369.284 498.838 572.648
5 369.285 338.832 554.152
6 369.285 630.906 549.983
0 370.307 564.987 63.0193
1 370.309 519.856 301.388
2 370.311 420.848 295.863
3 370.312 477.662 189.601
4 370.312 505.901 579.727
5 370.313 329.825 549.809
6 370.313 638.008 557.024
0 371.336 558.195 70.3593
1 371.337 526.774 294.167
2 371.338 423.982 286.367
3 371.338 468.147 186.525
4 371.339 512.964 586.806
5 371.339 320.817 545.466
0 372.384 551.404 77.6994
1 372.384 533.692 286.945
2 372.385 427.117 276.871
3 372.385 458.632 183.45
4 372.386 520.027 593.886
5 372.387 311.809 541.123
6 372.387 637.86 547.025
0 373.411 544.612 85.0394
1 373.412 540.609 279.724
2 373.412 430.251 267.375
3 373.413 449.116 180.375
4 373.414 527.09 600.965
5 373.414 302.802 536.78
6 373.415 637.713 537.027
0 374.442 537.821 92.3794
1 374.443 547.527 272.503
2 374.443 433.385 257.879
3 374.444 439.601 177.299
4 374.444 534.152 608.044
5 374.445 293.794 532.437
6 374.446 637.565 527.028
0 375.468 531.03 99.7195
1 375.469 554.445 265.282
2 375.469 436.519 248.383
3 375.47 430.086 174.224
4 375.472 541.215 615.123
5 375.474 284.786 528.094
6 375.475 637.418 517.029
0 376.5 524.238 107.06
1 376.501 561.362 258.06
2 376.501 439.653 238.886
3 376.502 420.57 171.148
4 376.503 548.278 622.203
5 376.503 275.779 523.751
6 376.504 637.271 507.03
0 377.525 517.447 114.4
1 377.526 568.28 250.839
2 377.527 442.788 229.39
3 377.527 411.055 168.073
4 377.528 555.341 629.282
5 377.529 266.771 519.408
6 377.529 637.123 497.031
0 378.553 510.655 121.74
2 378.57 445.922 219.894
3 378.571 401.539 164.998
4 378.571 562.404 636.361
5 378.572 257.763 515.065
6 378.573 636.976 487.032
0 379.593 503.864 129.08
1 379.594 563.665 259.71
2 379.595 449.056 210.398
3 379.595 392.024 161.922
4 379.596 569.467 643.44
5 379.597 248.755 510.722
6 379.597 636.828 477.033
0 380.62 497.072 136.42
1 380.62 559.049 268.582
2 380.622 452.19 200.902
3 380.624 382.509 158.847
4 380.626 576.53 650.519
5 380.626 239.748 506.379
6 380.627 636.681 467.034
0 381.652 490.281 143.76
1 381.653 554.434 277.453
2 381.653 455.324 191.406
3 381.654 372.993 155.771
4 381.655 583.593 657.599
5 381.655 230.74 502.036
6 381.656 636.534 457.035
0 382.686 483.489 151.1
1 382.688 549.818 286.324
2 382.689 458.458 181.909
3 382.69 363.478 152.696
5 382.709 221.732 497.693
6 382.71 636.386 447.036
0 383.73 476.698 158.44
1 383.731 545.203 295.195
2 383.731 461.593 172.413
3 383.732 353.963 149.621
4 383.733 574.842 652.758
5 383.734 212.725 493.35
6 383.734 636.239 437.037
0 384.758 469.906 165.78
1 384.76 540.587 304.066
2 384.761 464.727 162.917
3 384.762 344.447 146.545
4 384.762 566.092 647.918
5 384.763 203.717 489.007
6 384.763 636.091 427.038
0 385.786 463.115 173.12
1 385.788 535.972 312.937
2 385.79 467.861 153.421
3 385.791 334.932 143.47
4 385.792 557.341 643.078
5 385.793 194.709 484.664
6 385.793 635.944 417.04
0 386.816 456.323 180.46
1 386.817 531.357 321.809
3 386.829 325.417 140.394
